   0.0000000000000000        0.0000000000000000     
   5.3860867250797089E-003   0.0000000000000000     
   1.0772173450159418E-002   0.0000000000000000     
   1.6158260175239126E-002   0.0000000000000000     
   2.1544346900318836E-002   0.0000000000000000     
   2.6930433625398546E-002   0.0000000000000000     
   3.2316520350478252E-002   0.0000000000000000     
   3.7702607075557962E-002   0.0000000000000000     
   4.3088693800637672E-002   0.0000000000000000     
   4.8474780525717381E-002   0.0000000000000000     
   5.3860867250797091E-002   0.0000000000000000     
   5.9246953975876801E-002   0.0000000000000000     
   6.4633040700956504E-002   0.0000000000000000     
   7.0019127426036221E-002   0.0000000000000000     
   7.5405214151115924E-002   0.0000000000000000     
   8.0791300876195640E-002   0.0000000000000000     
   8.6177387601275343E-002   0.0000000000000000     
   9.1563474326355046E-002   0.0000000000000000     
   9.6949561051434763E-002   0.0000000000000000     
  0.10233564777651447        0.0000000000000000     
  0.10772173450159418        0.0000000000000000     
  0.11310782122667389        0.0000000000000000     
  0.11849390795175360        0.0000000000000000     
  0.12387999467683330        0.0000000000000000     
  0.12926608140191301        0.0000000000000000     
  0.13465216812699271        0.0000000000000000     
  0.14003825485207244        0.0000000000000000     
  0.14542434157715214        0.0000000000000000     
  0.15081042830223185        0.0000000000000000     
  0.15619651502731155        0.0000000000000000     
  0.16158260175239128        0.0000000000000000     
  0.16696868847747098        0.0000000000000000     
  0.17235477520255069        0.0000000000000000     
  0.17774086192763039        0.0000000000000000     
  0.18312694865271009        0.0000000000000000     
  0.18851303537778982        0.0000000000000000     
  0.19389912210286953        0.0000000000000000     
  0.19928520882794923        0.0000000000000000     
  0.20467129555302893        0.0000000000000000     
  0.21005738227810866        0.0000000000000000     
  0.21544346900318836        0.0000000000000000     
  0.22082955572826807        0.0000000000000000     
  0.22621564245334777        0.0000000000000000     
  0.23160172917842747        0.0000000000000000     
  0.23698781590350720        0.0000000000000000     
  0.24237390262858691        0.0000000000000000     
  0.24775998935366661        0.0000000000000000     
  0.25314607607874634        0.0000000000000000     
  0.25853216280382602        0.0000000000000000     
  0.26391824952890575        0.0000000000000000     
  0.26930433625398542        0.0000000000000000     
  0.27469042297906515        0.0000000000000000     
  0.28007650970414488        0.0000000000000000     
  0.28546259642922456        0.0000000000000000     
  0.29084868315430429        0.0000000000000000     
  0.29623476987938402        0.0000000000000000     
  0.30162085660446369        0.0000000000000000     
  0.30700694332954342        0.0000000000000000     
  0.31239303005462310        0.0000000000000000     
  0.31777911677970283        0.0000000000000000     
  0.32316520350478256        0.0000000000000000     
  0.32855129022986224        0.0000000000000000     
  0.33393737695494197        0.0000000000000000     
  0.33932346368002164        0.0000000000000000     
  0.34470955040510137        0.0000000000000000     
  0.35009563713018110        0.0000000000000000     
  0.35548172385526078        0.0000000000000000     
  0.36086781058034051        0.0000000000000000     
  0.36625389730542018        0.0000000000000000     
  0.37163998403049991        0.0000000000000000     
  0.37702607075557965        0.0000000000000000     
  0.38241215748065932        0.0000000000000000     
  0.38779824420573905        0.0000000000000000     
  0.39318433093081873        0.0000000000000000     
  0.39857041765589846        0.0000000000000000     
  0.40395650438097819        0.0000000000000000     
  0.40934259110605786        0.0000000000000000     
  0.41472867783113759        0.0000000000000000     
  0.42011476455621732        0.0000000000000000     
  0.42550085128129700        0.0000000000000000     
  0.43088693800637673        0.0000000000000000     
  0.43627302473145640        0.0000000000000000     
  0.44165911145653614        0.0000000000000000     
  0.44704519818161587        0.0000000000000000     
  0.45243128490669554        0.0000000000000000     
  0.45781737163177527        0.0000000000000000     
  0.46320345835685495        0.0000000000000000     
  0.46858954508193468        0.0000000000000000     
  0.47397563180701441        0.0000000000000000     
  0.47936171853209408        0.0000000000000000     
  0.48474780525717381        0.0000000000000000     
  0.49013389198225349        0.0000000000000000     
  0.49551997870733322        0.0000000000000000     
  0.50090606543241289        0.0000000000000000     
  0.50629215215749268        0.0000000000000000     
  0.51167823888257236        0.0000000000000000     
  0.51706432560765203        0.0000000000000000     
  0.52245041233273182        0.0000000000000000     
  0.52783649905781149        0.0000000000000000     
  0.53322258578289117        0.0000000000000000     
  0.53860867250797084        0.0000000000000000     
  0.54399475923305063        0.0000000000000000     
  0.54938084595813030        0.0000000000000000     
  0.55476693268320998        0.0000000000000000     
  0.56015301940828977        0.0000000000000000     
  0.56553910613336944        0.0000000000000000     
  0.57092519285844912        0.0000000000000000     
  0.57631127958352890        0.0000000000000000     
  0.58169736630860858        0.0000000000000000     
  0.58708345303368825        0.0000000000000000     
  0.59246953975876804        0.0000000000000000     
  0.59785562648384771        0.0000000000000000     
  0.60324171320892739        0.0000000000000000     
  0.60862779993400706        0.0000000000000000     
  0.61401388665908685        0.0000000000000000     
  0.61939997338416652        0.0000000000000000     
  0.62478606010924620        0.0000000000000000     
  0.63017214683432599        0.0000000000000000     
  0.63555823355940566        0.0000000000000000     
  0.64094432028448534        0.0000000000000000     
  0.64633040700956512        0.0000000000000000     
  0.65171649373464480        0.0000000000000000     
  0.65710258045972447        0.0000000000000000     
  0.66248866718480415        0.0000000000000000     
  0.66787475390988393        0.0000000000000000     
  0.67326084063496361        0.0000000000000000     
  0.67864692736004328        0.0000000000000000     
  0.68403301408512307        0.0000000000000000     
  0.68941910081020275        0.0000000000000000     
  0.69480518753528242        0.0000000000000000     
  0.70019127426036221        0.0000000000000000     
  0.70557736098544188        0.0000000000000000     
  0.71096344771052156        0.0000000000000000     
  0.71634953443560134        0.0000000000000000     
  0.72173562116068102        0.0000000000000000     
  0.72712170788576069        0.0000000000000000     
  0.73250779461084037        0.0000000000000000     
  0.73789388133592015        0.0000000000000000     
  0.74327996806099983        0.0000000000000000     
  0.74866605478607950        0.0000000000000000     
  0.75405214151115929        0.0000000000000000     
  0.75943822823623897        0.0000000000000000     
  0.76482431496131864        0.0000000000000000     
  0.77021040168639843        0.0000000000000000     
  0.77559648841147810        0.0000000000000000     
  0.78098257513655778        0.0000000000000000     
  0.78636866186163745        0.0000000000000000     
  0.79175474858671724        0.0000000000000000     
  0.79714083531179691        0.0000000000000000     
  0.80252692203687659        0.0000000000000000     
  0.80791300876195637        0.0000000000000000     
  0.81329909548703605        0.0000000000000000     
  0.81868518221211573        0.0000000000000000     
  0.82407126893719551        0.0000000000000000     
  0.82945735566227519        0.0000000000000000     
  0.83484344238735486        0.0000000000000000     
  0.84022952911243465        0.0000000000000000     
  0.84561561583751432        0.0000000000000000     
  0.85100170256259400        0.0000000000000000     
  0.85638778928767367        0.0000000000000000     
  0.86177387601275346        0.0000000000000000     
  0.86715996273783313        4.9508334943338853E-005
  0.87254604946291281        0.0000000000000000     
  0.87793213618799260        2.4150431907277032E-004
  0.88331822291307227        9.5427253095278981E-005
  0.88870430963815195        2.8282220334428912E-004
  0.89409039636323173        3.7256664098079623E-004
  0.89947648308831141        5.0616243870939628E-004
  0.90486256981339108        6.8202906394053203E-004
  0.91024865653847076        8.5371004856106493E-004
  0.91563474326355054        1.5541767867438847E-003
  0.92102082998863022        1.8871501930577250E-003
  0.92640691671370989        2.6027029358349492E-003
  0.93179300343878968        2.7870926748883368E-003
  0.93717909016386935        3.8572089793948200E-003
  0.94256517688894903        4.4837146665640312E-003
  0.94795126361402882        5.4686344744607164E-003
  0.95333735033910849        6.0214504308886869E-003
  0.95872343706418817        7.8576386281526307E-003
  0.96410952378926795        9.6925855565890215E-003
  0.96949561051434763        1.0218921134862403E-002
  0.97488169723942730        1.1829875042180079E-002
  0.98026778396450698        1.2281371324978349E-002
  0.98565387068958676        1.3220482439924455E-002
  0.99103995741466644        1.6033750493294363E-002
  0.99642604413974611        1.6085858594980143E-002
   1.0018121308648258        1.6618145158268049E-002
   1.0071982175899055        1.7395045232163894E-002
   1.0125843043149854        1.8917008959201106E-002
   1.0179703910400650        1.9364024007346936E-002
   1.0233564777651447        2.1187002802490584E-002
   1.0287425644902244        2.0156650434201489E-002
   1.0341286512153041        2.2801810369805348E-002
   1.0395147379403837        2.2945108109329003E-002
   1.0449008246654636        2.3936693529059017E-002
   1.0502869113905433        2.4333050584335856E-002
   1.0556729981156230        2.4352632347033634E-002
   1.0610590848407027        2.6222329554593901E-002
   1.0664451715657823        2.5892658805358307E-002
   1.0718312582908620        2.5406243999129621E-002
   1.0772173450159417        2.7174025771682559E-002
   1.0826034317410216        2.6300790074441006E-002
   1.0879895184661013        2.5412020888794531E-002
   1.0933756051911809        2.5722819010658631E-002
   1.0987616919162606        2.4854515750038698E-002
   1.1041477786413403        2.5986778548664251E-002
   1.1095338653664200        2.7216901689830410E-002
   1.1149199520914999        2.5786540688270680E-002
   1.1203060388165795        2.5568851926964693E-002
   1.1256921255416592        2.6441164459476873E-002
   1.1310782122667389        2.6364543519139586E-002
   1.1364642989918186        2.6605256252613251E-002
   1.1418503857168982        2.7297120311217501E-002
   1.1472364724419779        2.5089677788652908E-002
   1.1526225591670578        2.7601924414011783E-002
   1.1580086458921375        2.5874363690906600E-002
   1.1633947326172172        2.5497812598864054E-002
   1.1687808193422968        2.5944671776176355E-002
   1.1741669060673765        2.4059988976177289E-002
   1.1795529927924562        2.5205388005206834E-002
   1.1849390795175361        2.4260874619455378E-002
   1.1903251662426158        2.4146917134807769E-002
   1.1957112529676954        2.3851750575259057E-002
   1.2010973396927751        2.3560895464652586E-002
   1.2064834264178548        2.5499394566805774E-002
   1.2118695131429345        2.3904375944911731E-002
   1.2172555998680141        2.4220935645355546E-002
   1.2226416865930940        2.3709150877404449E-002
   1.2280277733181737        2.4563155595037561E-002
   1.2334138600432534        2.3492597986574128E-002
   1.2387999467683330        2.3458572808689904E-002
   1.2441860334934127        2.1620539285197193E-002
   1.2495721202184924        2.1911410636023761E-002
   1.2549582069435721        2.2456525642315817E-002
   1.2603442936686520        2.2475931515457220E-002
   1.2657303803937316        2.0774596992554163E-002
   1.2711164671188113        1.9654221408579493E-002
   1.2765025538438910        2.0493992617364724E-002
   1.2818886405689707        2.1681476465529637E-002
   1.2872747272940503        2.1298223031273659E-002
   1.2926608140191302        2.1678099097345065E-002
   1.2980469007442099        2.0548480330645696E-002
   1.3034329874692896        2.1058309602265041E-002
   1.3088190741943693        2.1863328961902368E-002
   1.3142051609194489        2.0671396406179147E-002
   1.3195912476445286        2.0160922018586956E-002
   1.3249773343696083        2.1609008507660853E-002
   1.3303634210946882        2.0698175615084857E-002
   1.3357495078197679        2.0322937217302498E-002
   1.3411355945448475        2.0511897862199254E-002
   1.3465216812699272        1.9916939611889103E-002
   1.3519077679950069        1.9840033822557272E-002
   1.3572938547200866        1.9278719830497108E-002
   1.3626799414451665        1.9607793105834687E-002
   1.3680660281702461        1.8240334996664186E-002
   1.3734521148953258        1.9557989370958359E-002
   1.3788382016204055        2.0032106459978830E-002
   1.3842242883454852        1.8438724972923780E-002
   1.3896103750705648        1.9009400820015055E-002
   1.3949964617956445        1.9092462327198707E-002
   1.4003825485207244        1.9097750626275358E-002
   1.4057686352458041        1.7859046173242389E-002
   1.4111547219708838        1.8096880398332800E-002
   1.4165408086959634        1.7662671708930908E-002
   1.4219268954210431        1.8302460578817282E-002
   1.4273129821461228        1.7488442895449159E-002
   1.4326990688712027        1.8191504449508473E-002
   1.4380851555962824        1.8235508730940937E-002
   1.4434712423213620        1.7724461479676986E-002
   1.4488573290464417        1.7451047756314793E-002
   1.4542434157715214        1.6758702534510575E-002
   1.4596295024966011        1.8347702653472478E-002
   1.4650155892216807        1.7484519573470719E-002
   1.4704016759467606        1.7305005864238412E-002
   1.4757877626718403        1.7691726252091169E-002
   1.4811738493969200        1.8055404831636104E-002
   1.4865599361219997        1.6762388816901945E-002
   1.4919460228470793        1.7477839600196526E-002
   1.4973321095721590        1.6306204942119536E-002
   1.5027181962972389        1.6403845793282391E-002
   1.5081042830223186        1.7612751828946206E-002
   1.5134903697473983        1.7097558973465935E-002
   1.5188764564724779        1.6847415843556958E-002
   1.5242625431975576        1.6616398619837030E-002
   1.5296486299226373        1.6372300783569028E-002
   1.5350347166477170        1.7110778121894026E-002
   1.5404208033727969        1.6755994637631798E-002
   1.5458068900978765        1.6951031512363383E-002
   1.5511929768229562        1.6276529013828603E-002
   1.5565790635480359        1.6456020538605134E-002
   1.5619651502731156        1.6357985841262475E-002
   1.5673512369981952        1.6579154753559363E-002
   1.5727373237232749        1.5984161470780123E-002
   1.5781234104483548        1.6562868996773044E-002
   1.5835094971734345        1.6762173481954440E-002
   1.5888955838985142        1.6162092017155068E-002
   1.5942816706235938        1.5950544508897033E-002
   1.5996677573486735        1.6003347841202706E-002
   1.6050538440737532        1.6604223162965091E-002
   1.6104399307988331        1.6378507792613770E-002
   1.6158260175239127        1.6526161522519081E-002
   1.6212121042489924        1.6685659182290799E-002
   1.6265981909740721        1.7110029602752326E-002
   1.6319842776991518        1.6661805977878773E-002
   1.6373703644242315        1.6371848418037658E-002
   1.6427564511493111        1.6057738505141587E-002
   1.6481425378743910        1.6281884510019613E-002
   1.6535286245994707        1.5917279594738484E-002
   1.6589147113245504        1.5557058849546732E-002
   1.6643007980496300        1.6410801589187347E-002
   1.6696868847747097        1.5730879158581762E-002
   1.6750729714997894        1.6280017943264020E-002
   1.6804590582248693        1.6360391439157053E-002
   1.6858451449499490        1.6753786188991253E-002
   1.6912312316750286        1.6517085907305707E-002
   1.6966173184001083        1.5882115982108154E-002
   1.7020034051251880        1.6475741381058513E-002
   1.7073894918502677        1.6193168599886974E-002
   1.7127755785753473        1.6269151225849880E-002
   1.7181616653004272        1.6230365269344574E-002
   1.7235477520255069        1.6617844191782721E-002
   1.7289338387505866        1.6365015384153126E-002
   1.7343199254756663        1.6721480445355257E-002
   1.7397060122007459        1.6396691537331670E-002
   1.7450920989258256        1.5244302462613043E-002
   1.7504781856509055        1.6438500557911517E-002
   1.7558642723759852        1.5480463268158447E-002
   1.7612503591010649        1.5385926382598860E-002
   1.7666364458261445        1.6962233653819249E-002
   1.7720225325512242        1.6313899117297050E-002
   1.7774086192763039        1.6274098310843817E-002
   1.7827947060013836        1.5906510657448535E-002
   1.7881807927264635        1.5845760889012059E-002
   1.7935668794515431        1.5820171598783236E-002
   1.7989529661766228        1.6105204596479128E-002
   1.8043390529017025        1.6112113971672139E-002
   1.8097251396267822        1.6175491785803263E-002
   1.8151112263518618        1.6294333793430031E-002
   1.8204973130769415        1.6287924727129498E-002
   1.8258833998020214        1.5052951057796658E-002
   1.8312694865271011        1.6296688978888835E-002
   1.8366555732521808        1.5848086735741042E-002
   1.8420416599772604        1.6304134772261360E-002
   1.8474277467023401        1.5674716298838039E-002
   1.8528138334274198        1.6115103056173901E-002
   1.8581999201524997        1.5763053412094739E-002
   1.8635860068775794        1.6090134004415085E-002
   1.8689720936026590        1.5688449661978746E-002
   1.8743581803277387        1.4877836776229579E-002
   1.8797442670528184        1.6194001873090769E-002
   1.8851303537778981        1.5221613799287412E-002
   1.8905164405029777        1.5447496058165224E-002
   1.8959025272280576        1.5608425722087189E-002
   1.9012886139531373        1.5623104881700507E-002
   1.9066747006782170        1.5801218622767968E-002
   1.9120607874032967        1.5987263310237112E-002
   1.9174468741283763        1.4935618349264483E-002
   1.9228329608534560        1.5476352752461110E-002
   1.9282190475785359        1.5189753068853165E-002
   1.9336051343036156        1.5593156887452587E-002
   1.9389912210286953        1.5120467707159265E-002
   1.9443773077537749        1.6139710511707078E-002
   1.9497633944788546        1.5453293402034447E-002
   1.9551494812039343        1.5602006544799631E-002
   1.9605355679290140        1.5593884181293354E-002
   1.9659216546540939        1.5026923189666813E-002
   1.9713077413791735        1.5194003102435270E-002
   1.9766938281042532        1.5740158978662017E-002
   1.9820799148293329        1.5285157972287966E-002
   1.9874660015544126        1.5485172015805453E-002
   1.9928520882794922        1.5157855971882114E-002
   1.9982381750045721        1.6064553676762103E-002
   2.0036242617296516        1.5941207106304044E-002
   2.0090103484547313        1.5818950583155644E-002
   2.0143964351798109        1.6028058193561109E-002
   2.0197825219048910        1.4756341447182185E-002
   2.0251686086299707        1.5749073216261147E-002
   2.0305546953550504        1.5927480955694670E-002
   2.0359407820801301        1.6076838413504619E-002
   2.0413268688052097        1.5875968357429267E-002
   2.0467129555302894        1.4823817893703734E-002
   2.0520990422553691        1.5320743115332483E-002
   2.0574851289804488        1.5829857303901535E-002
   2.0628712157055284        1.6184727903456410E-002
   2.0682573024306081        1.5273757650736313E-002
   2.0736433891556878        1.5965064676544329E-002
   2.0790294758807675        1.5469025266322083E-002
   2.0844155626058471        1.5320636603973472E-002
   2.0898016493309273        1.6230605471476995E-002
   2.0951877360560069        1.5587538313166935E-002
   2.1005738227810866        1.5592077458685603E-002
   2.1059599095061663        1.5327752896870186E-002
   2.1113459962312460        1.6293574419586627E-002
   2.1167320829563256        1.5953183562397572E-002
   2.1221181696814053        1.5343228887690435E-002
   2.1275042564064850        1.5512390679605831E-002
   2.1328903431315647        1.6236130520473173E-002
   2.1382764298566443        1.4981939831511934E-002
   2.1436625165817240        1.6024754445964556E-002
   2.1490486033068037        1.5960652432785761E-002
   2.1544346900318834        1.5439811494928225E-002
   2.1598207767569635        1.5586361390148734E-002
   2.1652068634820432        1.5612147728604090E-002
   2.1705929502071228        1.5337221475102103E-002
   2.1759790369322025        1.6055515512840884E-002
   2.1813651236572822        1.6555292755995085E-002
   2.1867512103823619        1.5812083730474366E-002
   2.1921372971074415        1.5548546767801845E-002
   2.1975233838325212        1.5973521704690144E-002
   2.2029094705576009        1.5788105027111497E-002
   2.2082955572826806        1.5283668633158727E-002
   2.2136816440077602        1.5817153739545415E-002
   2.2190677307328399        1.5596819689411623E-002
   2.2244538174579196        1.5318242021286343E-002
   2.2298399041829997        1.5498901591925331E-002
   2.2352259909080794        1.5983149499652884E-002
   2.2406120776331591        1.6210438241627916E-002
   2.2459981643582387        1.5955662459133227E-002
   2.2513842510833184        1.5313862994242044E-002
   2.2567703378083981        1.6030307318164821E-002
   2.2621564245334778        1.5590313695932495E-002
   2.2675425112585574        1.6196943116613155E-002
   2.2729285979836371        1.5709517890613169E-002
   2.2783146847087168        1.5197826715912346E-002
   2.2837007714337965        1.5583079630182996E-002
   2.2890868581588761        1.6213211509952356E-002
   2.2944729448839558        1.5755321059818368E-002
   2.2998590316090359        1.5808303749815046E-002
   2.3052451183341156        1.6147848376356591E-002
   2.3106312050591953        1.5675196531446011E-002
   2.3160172917842750        1.5644016795547271E-002
   2.3214033785093546        1.5474789563677458E-002
   2.3267894652344343        1.5582017461700581E-002
   2.3321755519595140        1.6085084445562257E-002
   2.3375616386845937        1.5622692054558379E-002
   2.3429477254096733        1.5795095355205929E-002
   2.3483338121347530        1.5992757812617938E-002
   2.3537198988598327        1.5516448995880032E-002
   2.3591059855849124        1.5606222623753337E-002
   2.3644920723099920        1.5661723695111585E-002
   2.3698781590350722        1.6187194624353939E-002
   2.3752642457601518        1.5684955302593815E-002
   2.3806503324852315        1.5298760057892885E-002
   2.3860364192103112        1.5700590694062710E-002
   2.3914225059353909        1.5323988006968768E-002
   2.3968085926604705        1.6253196881075096E-002
   2.4021946793855502        1.5973945916977237E-002
   2.4075807661106299        1.5793368549873545E-002
   2.4129668528357096        1.5901974242927237E-002
   2.4183529395607892        1.5614790270924436E-002
   2.4237390262858689        1.6172863924952166E-002
   2.4291251130109486        1.5899327230314560E-002
   2.4345111997360283        1.5979806971399498E-002
   2.4398972864611084        1.5577889391608613E-002
   2.4452833731861880        1.5608958336013327E-002
   2.4506694599112677        1.5447440766617979E-002
   2.4560555466363474        1.5774749041445851E-002
   2.4614416333614271        1.5521448259353017E-002
   2.4668277200865067        1.5184556691608092E-002
   2.4722138068115864        1.5794593119605245E-002
   2.4775998935366661        1.5550116790205740E-002
   2.4829859802617458        1.5585382029807294E-002
   2.4883720669868254        1.5397738031888731E-002
   2.4937581537119051        1.5516876910834872E-002
   2.4991442404369848        1.5384498509479795E-002
   2.5045303271620645        1.5086932309120008E-002
   2.5099164138871441        1.5796411091293160E-002
   2.5153025006122243        1.5675873931761484E-002
   2.5206885873373039        1.5257401582616405E-002
   2.5260746740623836        1.5799170240918193E-002
   2.5314607607874633        1.4878021004021290E-002
   2.5368468475125430        1.5931381121749095E-002
   2.5422329342376226        1.4821327207617568E-002
   2.5476190209627023        1.5590443793669997E-002
   2.5530051076877820        1.4987819527725389E-002
   2.5583911944128617        1.5317237364597749E-002
   2.5637772811379413        1.5224627232037160E-002
   2.5691633678630210        1.5792561722168696E-002
   2.5745494545881007        1.5305306240287234E-002
   2.5799355413131804        1.5073671750192570E-002
   2.5853216280382605        1.5428674115166657E-002
   2.5907077147633402        1.5275839809036245E-002
   2.5960938014884198        1.5466614741678052E-002
   2.6014798882134995        1.5320122981867064E-002
   2.6068659749385792        1.5519837349354785E-002
   2.6122520616636589        1.5532283356504610E-002
   2.6176381483887385        1.5506462947789106E-002
   2.6230242351138182        1.5020792802512903E-002
   2.6284103218388979        1.5244901413928745E-002
   2.6337964085639776        1.5880294943639989E-002
   2.6391824952890572        1.5735370154764380E-002
   2.6445685820141369        1.5756510580300292E-002
   2.6499546687392166        1.5013929169945621E-002
   2.6553407554642967        1.5153724173409716E-002
   2.6607268421893764        1.5534164990753564E-002
   2.6661129289144561        1.5340527545866381E-002
   2.6714990156395357        1.5388276620780468E-002
   2.6768851023646154        1.5523839283264678E-002
   2.6822711890896951        1.5114862273693951E-002
   2.6876572758147748        1.5714032842807618E-002
   2.6930433625398544        1.5507508952723278E-002
   2.6984294492649341        1.5461002829007319E-002
   2.7038155359900138        1.5918893032863143E-002
   2.7092016227150935        1.5642628272092025E-002
   2.7145877094401731        1.5166345359236281E-002
   2.7199737961652528        1.5805800899576297E-002
   2.7253598828903329        1.4730920298255458E-002
   2.7307459696154126        1.5681346298899015E-002
   2.7361320563404923        1.5510267166964650E-002
   2.7415181430655720        1.5746581752534627E-002
   2.7469042297906516        1.5418460022609144E-002
   2.7522903165157313        1.5299197482048818E-002
   2.7576764032408110        1.5934645335060893E-002
   2.7630624899658907        1.5311800044478737E-002
   2.7684485766909703        1.5072554723914824E-002
   2.7738346634160500        1.5647929823418272E-002
   2.7792207501411297        1.5794590511583415E-002
   2.7846068368662094        1.5618319772692690E-002
   2.7899929235912890        1.5553292920000661E-002
   2.7953790103163692        1.5055101966551328E-002
   2.8007650970414488        1.5419644421509986E-002
   2.8061511837665285        1.5407786404125271E-002
   2.8115372704916082        1.5240486930320114E-002
   2.8169233572166879        1.5543520652296510E-002
   2.8223094439417675        1.5802068268560270E-002
   2.8276955306668472        1.5294951511273774E-002
   2.8330816173919269        1.5185829681486107E-002
   2.8384677041170066        1.5470186783752128E-002
   2.8438537908420862        1.5084813154270292E-002
   2.8492398775671659        1.4926946911599806E-002
   2.8546259642922456        1.5336665373703692E-002
   2.8600120510173253        1.5174273018124860E-002
   2.8653981377424054        1.5448282753265241E-002
   2.8707842244674850        1.5232265090551651E-002
   2.8761703111925647        1.4914247017832919E-002
   2.8815563979176444        1.5002019128053727E-002
   2.8869424846427241        1.5424047063184980E-002
   2.8923285713678037        1.5308802294572063E-002
   2.8977146580928834        1.5278547385536658E-002
   2.9031007448179631        1.4837605420651949E-002
   2.9084868315430428        1.4967541014976890E-002
   2.9138729182681224        1.5223570801010226E-002
   2.9192590049932021        1.4927179362150884E-002
   2.9246450917182818        1.5525113938589507E-002
   2.9300311784433615        1.4939042860873698E-002
   2.9354172651684416        1.5065733806581872E-002
   2.9408033518935213        1.5023512714666853E-002
   2.9461894386186009        1.5148770633200970E-002
   2.9515755253436806        1.5443949734947008E-002
   2.9569616120687603        1.4978988759417826E-002
   2.9623476987938400        1.5081536001768099E-002
   2.9677337855189196        1.4988800633663674E-002
   2.9731198722439993        1.4976659180550210E-002
   2.9785059589690790        1.5212097443038043E-002
   2.9838920456941587        1.5311937978603588E-002
   2.9892781324192383        1.5352633311557080E-002
   2.9946642191443180        1.5110650201039041E-002
   3.0000503058693977        1.4965441177191573E-002
   3.0054363925944778        1.5361101095401133E-002
   3.0108224793195575        1.5063887517534296E-002
   3.0162085660446372        1.5132901530255208E-002
   3.0215946527697168        1.4985214871752471E-002
   3.0269807394947965        1.5354497743058224E-002
   3.0323668262198762        1.4773671165671630E-002
   3.0377529129449559        1.4842359099958928E-002
   3.0431389996700355        1.5095392198393837E-002
   3.0485250863951152        1.4945957480948952E-002
   3.0539111731201949        1.5160732980428394E-002
   3.0592972598452746        1.5175018437693519E-002
   3.0646833465703542        1.5090016024535467E-002
   3.0700694332954339        1.5779688641705793E-002
   3.0754555200205136        1.5366287349278470E-002
   3.0808416067455937        1.5347906628257385E-002
   3.0862276934706734        1.5028597689869135E-002
   3.0916137801957531        1.5315143952303521E-002
   3.0969998669208327        1.5129950412963854E-002
   3.1023859536459124        1.5236049452494538E-002
   3.1077720403709921        1.4766986766719399E-002
   3.1131581270960718        1.5184569997071198E-002
   3.1185442138211514        1.5113024184049133E-002
   3.1239303005462311        1.4889287823187202E-002
   3.1293163872713108        1.5081387443930236E-002
   3.1347024739963905        1.4885636906727402E-002
   3.1400885607214701        1.4691139531210005E-002
   3.1454746474465498        1.4400054328708285E-002
   3.1508607341716299        1.4943349587632300E-002
   3.1562468208967096        1.5168938222444988E-002
   3.1616329076217893        1.5176889575046653E-002
   3.1670189943468690        1.4898895705866335E-002
   3.1724050810719486        1.5003712068673602E-002
   3.1777911677970283        1.4742758301649478E-002
   3.1831772545221080        1.5045627642036513E-002
   3.1885633412471877        1.5287780263649131E-002
   3.1939494279722673        1.5141378428347226E-002
   3.1993355146973470        1.5261385254651197E-002
   3.2047216014224267        1.5028884014679309E-002
   3.2101076881475064        1.5101327604150550E-002
   3.2154937748725860        1.4867145364700046E-002
   3.2208798615976661        1.5083022869721838E-002
   3.2262659483227458        1.4864601196053047E-002
   3.2316520350478255        1.5053931961787460E-002
   3.2370381217729052        1.5263238737244512E-002
   3.2424242084979848        1.5177161415290481E-002
   3.2478102952230645        1.4872749943647796E-002
   3.2531963819481442        1.5231595178787201E-002
   3.2585824686732239        1.4886774517356887E-002
   3.2639685553983036        1.5022892756123412E-002
   3.2693546421233832        1.5154550932031042E-002
   3.2747407288484629        1.5153343230385349E-002
   3.2801268155735426        1.4975593327041721E-002
   3.2855129022986223        1.5257620892494470E-002
   3.2908989890237024        1.5104592178250715E-002
   3.2962850757487820        1.5199176745794050E-002
   3.3016711624738617        1.5269158147416162E-002
   3.3070572491989414        1.4623755022393029E-002
   3.3124433359240211        1.5064825712144339E-002
   3.3178294226491007        1.5144468570842104E-002
   3.3232155093741804        1.5304420806972910E-002
   3.3286015960992601        1.5093646394867339E-002
   3.3339876828243398        1.5034870150105057E-002
   3.3393737695494194        1.4912963264507138E-002
   3.3447598562744991        1.5001410037345593E-002
   3.3501459429995788        1.5361208600891938E-002
   3.3555320297246585        1.4931698614191304E-002
   3.3609181164497386        1.4903653825143066E-002
   3.3663042031748183        1.5171386415055395E-002
   3.3716902898998979        1.5260495200872736E-002
   3.3770763766249776        1.5048638872237632E-002
   3.3824624633500573        1.5209004820400069E-002
   3.3878485500751370        1.5167171197945330E-002
   3.3932346368002166        1.5157859654349778E-002
   3.3986207235252963        1.5283900755721868E-002
   3.4040068102503760        1.5123120752748669E-002
   3.4093928969754557        1.5174661593403397E-002
   3.4147789837005353        1.5628077601799975E-002
   3.4201650704256150        1.5928981585386397E-002
   3.4255511571506947        1.4981080259184173E-002
   3.4309372438757748        1.5190256295636534E-002
   3.4363233306008545        1.5492630908785457E-002
   3.4417094173259342        1.5384463647008602E-002
   3.4470955040510138        1.5890979861353263E-002
   3.4524815907760935        1.5438529503047251E-002
   3.4578676775011732        1.4895411165349886E-002
   3.4632537642262529        1.5218481776587058E-002
   3.4686398509513325        1.5558041147190877E-002
   3.4740259376764122        1.5451227398073027E-002
   3.4794120244014919        1.5323473907924852E-002
   3.4847981111265716        1.5322127528572916E-002
   3.4901841978516512        1.5308491679474632E-002
   3.4955702845767309        1.5023703075731188E-002
   3.5009563713018110        1.5120270546543168E-002
   3.5063424580268907        1.5458421774740142E-002
   3.5117285447519704        1.5054819758107980E-002
   3.5171146314770501        1.5056898548318333E-002
   3.5225007182021297        1.5490948585137288E-002
   3.5278868049272094        1.4983035760851651E-002
   3.5332728916522891        1.5274369065991554E-002
   3.5386589783773688        1.5406289498956014E-002
   3.5440450651024484        1.5504733931327612E-002
   3.5494311518275281        1.5304053217680174E-002
   3.5548172385526078        1.5652486232651593E-002
   3.5602033252776875        1.5146964178080449E-002
   3.5655894120027671        1.5212512887496013E-002
   3.5709754987278473        1.5444007420391138E-002
   3.5763615854529269        1.5243258051076888E-002
   3.5817476721780066        1.5238075272949026E-002
   3.5871337589030863        1.5279146543909621E-002
   3.5925198456281660        1.4942025708147059E-002
   3.5979059323532456        1.5619181279936436E-002
   3.6032920190783253        1.5214104606398304E-002
   3.6086781058034050        1.5574671008365815E-002
   3.6140641925284847        1.5377218910082386E-002
   3.6194502792535643        1.5303069481460211E-002
   3.6248363659786440        1.5257626101448128E-002
   3.6302224527037237        1.5412956675100160E-002
   3.6356085394288034        1.5327890212710159E-002
   3.6409946261538830        1.4987707211230853E-002
   3.6463807128789631        1.5371859164351654E-002
   3.6517667996040428        1.5630845476487985E-002
   3.6571528863291225        1.4877828603361091E-002
   3.6625389730542022        1.5502955356588702E-002
   3.6679250597792818        1.5139233300092819E-002
   3.6733111465043615        1.5550115747079393E-002
   3.6786972332294412        1.5086462927672153E-002
   3.6840833199545209        1.5294734870303889E-002
   3.6894694066796005        1.5206352027350677E-002
   3.6948554934046802        1.5421114780691284E-002
   3.7002415801297599        1.5599215859314628E-002
   3.7056276668548396        1.5136384233045946E-002
   3.7110137535799192        1.5379027815953390E-002
   3.7163998403049994        1.5385697011344134E-002
   3.7217859270300790        1.4943422988442765E-002
   3.7271720137551587        1.5621159239880706E-002
   3.7325581004802384        1.5461205531959548E-002
   3.7379441872053181        1.5584543088167677E-002
   3.7433302739303977        1.5409543678450809E-002
   3.7487163606554774        1.5352049254558849E-002
   3.7541024473805571        1.5680493627347240E-002
   3.7594885341056368        1.5622425893605300E-002
   3.7648746208307164        1.5472698603799351E-002
   3.7702607075557961        1.4980673667270007E-002
   3.7756467942808758        1.5421096721976274E-002
   3.7810328810059555        1.5348548205550787E-002
   3.7864189677310356        1.5252979537679361E-002
   3.7918050544561153        1.5541111220830938E-002
   3.7971911411811949        1.5264675883589767E-002
   3.8025772279062746        1.5159671668124727E-002
   3.8079633146313543        1.5430039602931158E-002
   3.8133494013564340        1.5378802269318847E-002
   3.8187354880815136        1.5600955931285476E-002
   3.8241215748065933        1.4958790732402321E-002
   3.8295076615316730        1.5363533616624427E-002
   3.8348937482567527        1.5360911328352666E-002
   3.8402798349818323        1.5532424558907097E-002
   3.8456659217069120        1.5030798243613237E-002
   3.8510520084319917        1.5151950589719526E-002
   3.8564380951570718        1.5500164282930853E-002
   3.8618241818821515        1.5377077356767301E-002
   3.8672102686072312        1.5344231428029029E-002
   3.8725963553323108        1.5336332719145761E-002
   3.8779824420573905        1.5434866014910063E-002
   3.8833685287824702        1.5194587937642107E-002
   3.8887546155075499        1.5529185895980395E-002
   3.8941407022326295        1.5282491421117924E-002
   3.8995267889577092        1.5602643507911315E-002
   3.9049128756827889        1.5078657409643297E-002
   3.9102989624078686        1.5616622572350925E-002
   3.9156850491329482        1.5381872166184869E-002
   3.9210711358580279        1.4881996488685028E-002
   3.9264572225831080        1.5292758560585987E-002
   3.9318433093081877        1.5672317627743432E-002
   3.9372293960332674        1.5425333738740291E-002
   3.9426154827583471        1.5100604391157955E-002
   3.9480015694834267        1.5176466324600707E-002
   3.9533876562085064        1.5356666468507439E-002
   3.9587737429335861        1.5466940645039836E-002
   3.9641598296586658        1.5133545286712300E-002
   3.9695459163837454        1.4948384522753979E-002
   3.9749320031088251        1.5193005932722119E-002
   3.9803180898339048        1.5142516564508648E-002
   3.9857041765589845        1.5645314265161948E-002
   3.9910902632840641        1.5329663357214557E-002
   3.9964763500091443        1.5612366422823208E-002
   4.0018624367342239        1.5124040601763103E-002
   4.0072485234593032        1.5259609156808593E-002
   4.0126346101843833        1.5389771486658299E-002
   4.0180206969094625        1.5595278550057020E-002
   4.0234067836345426        1.5144187554087968E-002
   4.0287928703596219        1.5489056288530038E-002
   4.0341789570847020        1.5351648133829767E-002
   4.0395650438097821        1.5262827482554591E-002
   4.0449511305348613        1.5240410811703258E-002
   4.0503372172599414        1.4950279570180865E-002
   4.0557233039850207        1.5379099741277723E-002
   4.0611093907101008        1.5381222074428076E-002
   4.0664954774351800        1.5428305639746192E-002
   4.0718815641602601        1.5396498494670506E-002
   4.0772676508853394        1.5138621909453387E-002
   4.0826537376104195        1.5380130230246189E-002
   4.0880398243354987        1.5517841949650429E-002
   4.0934259110605788        1.5172646314721370E-002
   4.0988119977856581        1.5248026937791304E-002
   4.1041980845107382        1.5307488820508294E-002
   4.1095841712358183        1.5465782953613002E-002
   4.1149702579608975        1.4814114471860006E-002
   4.1203563446859777        1.5422300251071285E-002
   4.1257424314110569        1.5246457606210989E-002
   4.1311285181361370        1.5344157345490756E-002
   4.1365146048612162        1.5513096610880900E-002
   4.1419006915862964        1.5090839990581490E-002
   4.1472867783113756        1.5153398173753560E-002
   4.1526728650364557        1.5347271143887594E-002
   4.1580589517615349        1.5176188169614526E-002
   4.1634450384866151        1.4975870829852257E-002
   4.1688311252116943        1.5136418263388336E-002
   4.1742172119367744        1.5398645660748451E-002
   4.1796032986618545        1.5331279442914025E-002
   4.1849893853869338        1.5383244537770300E-002
   4.1903754721120139        1.4955731865546927E-002
   4.1957615588370931        1.5486223681454348E-002
   4.2011476455621732        1.5159673531207309E-002
   4.2065337322872525        1.5207137946749440E-002
   4.2119198190123326        1.5117904848142120E-002
   4.2173059057374118        1.4995586721532428E-002
   4.2226919924624919        1.4809119728885482E-002
   4.2280780791875712        1.5500300417860218E-002
   4.2334641659126513        1.5575132650464401E-002
   4.2388502526377305        1.5479633784770241E-002
   4.2442363393628106        1.5124164090273238E-002
   4.2496224260878908        1.5310551268142599E-002
   4.2550085128129700        1.4969545252486050E-002
   4.2603945995380501        1.5126570246160067E-002
   4.2657806862631293        1.4988147630998526E-002
   4.2711667729882095        1.5278927483667512E-002
   4.2765528597132887        1.4821134126412993E-002
   4.2819389464383688        1.5019406542438801E-002
   4.2873250331634480        1.5145748360510724E-002
   4.2927111198885282        1.5392626894301162E-002
   4.2980972066136074        1.5158595294402187E-002
   4.3034832933386875        1.5247317313155529E-002
   4.3088693800637667        1.5125005662259718E-002
   4.3142554667888469        1.4773237625979808E-002
   4.3196415535139270        1.5245191202255022E-002
   4.3250276402390062        1.5245058375280054E-002
   4.3304137269640863        1.4943118184251382E-002
   4.3357998136891656        1.5230791168617565E-002
   4.3411859004142457        1.5218701663448360E-002
   4.3465719871393249        1.5307122599367971E-002
   4.3519580738644050        1.5182768034913164E-002
   4.3573441605894843        1.5390357187629194E-002
   4.3627302473145644        1.5029645322473187E-002
   4.3681163340396436        1.5417953468160252E-002
   4.3735024207647237        1.5082211138069287E-002
   4.3788885074898030        1.5392670195892365E-002
   4.3842745942148831        1.5122458765424174E-002
   4.3896606809399632        1.5075711007041335E-002
   4.3950467676650424        1.5208386474046530E-002
   4.4004328543901226        1.5067359422138471E-002
   4.4058189411152018        1.5070818228350380E-002
   4.4112050278402819        1.5020645226357909E-002
   4.4165911145653611        1.4982123298947429E-002
   4.4219772012904413        1.5227426102836804E-002
   4.4273632880155205        1.4913104840894687E-002
   4.4327493747406006        1.5145928028876765E-002
   4.4381354614656798        1.5158330097686922E-002
   4.4435215481907600        1.5293184214014327E-002
   4.4489076349158392        1.5265581753340866E-002
   4.4542937216409193        1.4932218337506771E-002
   4.4596798083659994        1.5190052207987631E-002
   4.4650658950910787        1.5343895848862581E-002
   4.4704519818161588        1.5265962433873731E-002
   4.4758380685412380        1.5364903489744662E-002
   4.4812241552663181        1.5322429146192789E-002
   4.4866102419913974        1.5492800523976427E-002
   4.4919963287164775        1.5092202338904940E-002
   4.4973824154415567        1.5341367376412025E-002
   4.5027685021666368        1.5385480087274814E-002
   4.5081545888917161        1.5273634436709016E-002
   4.5135406756167962        1.5131212020842656E-002
   4.5189267623418754        1.5341280687870280E-002
   4.5243128490669555        1.4975581947632493E-002
   4.5296989357920356        1.5261142899443596E-002
   4.5350850225171149        1.5092775964311390E-002
   4.5404711092421950        1.5040737461131840E-002
   4.5458571959672742        1.5167256598419686E-002
   4.5512432826923543        1.5582498638428706E-002
   4.5566293694174336        1.5522372798051411E-002
   4.5620154561425137        1.5215631298257334E-002
   4.5674015428675929        1.5343949294578406E-002
   4.5727876295926730        1.5199220638384690E-002
   4.5781737163177523        1.5522272613080817E-002
   4.5835598030428324        1.5064069641305565E-002
   4.5889458897679116        1.5242641939139604E-002
   4.5943319764929917        1.5300401949660604E-002
   4.5997180632180719        1.5210042793209807E-002
   4.6051041499431511        1.4967336340423930E-002
   4.6104902366682312        1.5205603843432482E-002
   4.6158763233933104        1.5220810862498125E-002
   4.6212624101183906        1.5269027251495409E-002
   4.6266484968434698        1.5410893833389939E-002
   4.6320345835685499        1.5161653168369229E-002
   4.6374206702936291        1.5289179427293577E-002
   4.6428067570187093        1.4953211285785986E-002
   4.6481928437437885        1.5340736208009987E-002
   4.6535789304688686        1.4875468032964120E-002
   4.6589650171939478        1.5408804628243592E-002
   4.6643511039190280        1.5193565149088073E-002
   4.6697371906441081        1.5301944485926174E-002
   4.6751232773691873        1.4995881649298380E-002
   4.6805093640942674        1.5207799424317025E-002
   4.6858954508193467        1.5121994633299352E-002
   4.6912815375444268        1.5200627806389807E-002
   4.6966676242695060        1.5132029726912782E-002
   4.7020537109945861        1.5126008270067331E-002
   4.7074397977196654        1.5051094851629677E-002
   4.7128258844447455        1.5038502083547584E-002
   4.7182119711698247        1.5288484109177982E-002
   4.7235980578949048        1.5016708290097498E-002
   4.7289841446199841        1.5230565110083416E-002
   4.7343702313450642        1.4965060010426903E-002
   4.7397563180701443        1.5057012473155025E-002
   4.7451424047952235        1.5222912406257255E-002
   4.7505284915203037        1.5059739479746011E-002
   4.7559145782453829        1.5246202339721597E-002
   4.7613006649704630        1.5159177680742908E-002
   4.7666867516955422        1.5462468794555319E-002
   4.7720728384206224        1.5167651692157839E-002
   4.7774589251457016        1.4970359732782801E-002
   4.7828450118707817        1.5076621697536902E-002
   4.7882310985958609        1.4968028616001411E-002
   4.7936171853209411        1.5226035934811045E-002
   4.7990032720460203        1.4989815065706796E-002
   4.8043893587711004        1.5004610819665216E-002
   4.8097754454961805        1.5059534453999827E-002
   4.8151615322212598        1.4990538318707723E-002
   4.8205476189463399        1.5280679646722374E-002
   4.8259337056714191        1.5097928578154254E-002
   4.8313197923964992        1.5329045556681636E-002
   4.8367058791215785        1.5105547819114514E-002
   4.8420919658466586        1.5113245633764571E-002
   4.8474780525717378        1.5211178925161446E-002
   4.8528641392968179        1.5202725649386644E-002
   4.8582502260218972        1.5099633565905509E-002
   4.8636363127469773        1.5242477014034191E-002
   4.8690223994720565        1.5414488327108625E-002
   4.8744084861971366        1.5388276356998456E-002
   4.8797945729222167        1.5276154516669286E-002
   4.8851806596472960        1.5097410662257085E-002
   4.8905667463723761        1.4997243634876541E-002
   4.8959528330974553        1.5253143972270164E-002
   4.9013389198225354        1.5264580405983344E-002
   4.9067250065476147        1.5305309656265365E-002
   4.9121110932726948        1.5581889520113766E-002
   4.9174971799977740        1.5249104834334511E-002
   4.9228832667228541        1.5263376490205019E-002
   4.9282693534479334        1.5161055557978313E-002
   4.9336554401730135        1.5404804650140805E-002
   4.9390415268980927        1.5101098936040178E-002
   4.9444276136231728        1.5398666892210434E-002
   4.9498137003482530        1.5240574426042109E-002
   4.9551997870733322        1.5299948798566021E-002
   4.9605858737984123        1.5231945338919372E-002
   4.9659719605234915        1.5291009396166162E-002
   4.9713580472485717        1.5170525337646673E-002
   4.9767441339736509        1.5163259151663191E-002
   4.9821302206987310        1.5385466029897411E-002
   4.9875163074238102        1.5244497906558551E-002
   4.9929023941488904        1.5352003932704363E-002
   4.9982884808739696        1.5254858287572162E-002
   5.0036745675990497        1.5213112731549213E-002
   5.0090606543241289        1.5462329567089228E-002
   5.0144467410492091        1.5181873838456754E-002
   5.0198328277742883        1.5266027196424604E-002
   5.0252189144993684        1.5450033388670207E-002
   5.0306050012244485        1.5105097565619299E-002
   5.0359910879495278        1.5213726685663511E-002
   5.0413771746746079        1.5477126644029223E-002
   5.0467632613996871        1.5224856816112735E-002
   5.0521493481247672        1.5206997390709902E-002
   5.0575354348498465        1.5400221153713775E-002
   5.0629215215749266        1.5328258307632380E-002
   5.0683076083000058        1.5350769588989028E-002
   5.0736936950250859        1.5345672903894391E-002
   5.0790797817501652        1.5350665271308073E-002
   5.0844658684752453        1.5161190887784023E-002
   5.0898519552003245        1.5435209474627724E-002
   5.0952380419254046        1.5335196146513179E-002
   5.1006241286504848        1.5325721921003772E-002
   5.1060102153755640        1.5069217175549382E-002
   5.1113963021006441        1.5276867070721572E-002
   5.1167823888257233        1.5234768528018828E-002
   5.1221684755508035        1.5215516552086080E-002
   5.1275545622758827        1.5251535077256698E-002
   5.1329406490009628        1.5146067867976591E-002
   5.1383267357260420        1.5304688573013724E-002
   5.1437128224511222        1.5099580463572976E-002
   5.1490989091762014        1.5386751528287643E-002
   5.1544849959012815        1.5194872580207346E-002
   5.1598710826263607        1.5477784606042905E-002
   5.1652571693514409        1.5093885276394738E-002
   5.1706432560765210        1.5236516061702121E-002
   5.1760293428016002        1.4981099905634303E-002
   5.1814154295266803        1.5187095387015528E-002
   5.1868015162517596        1.5440636979906115E-002
   5.1921876029768397        1.5436238043961407E-002
   5.1975736897019189        1.5205817815450631E-002
   5.2029597764269990        1.4994196195816198E-002
   5.2083458631520783        1.5140239144409019E-002
   5.2137319498771584        1.5165125734173151E-002
   5.2191180366022376        1.5392153972037798E-002
   5.2245041233273177        1.5200855637809600E-002
   5.2298902100523970        1.5143700995754548E-002
   5.2352762967774771        1.5154664758902094E-002
   5.2406623835025572        1.5309236542106789E-002
   5.2460484702276364        1.4946396200545409E-002
   5.2514345569527165        1.5432788878085952E-002
   5.2568206436777958        1.5227391826137287E-002
   5.2622067304028759        1.5326646991816699E-002
   5.2675928171279551        1.5414731015108119E-002
   5.2729789038530352        1.5541253046823272E-002
   5.2783649905781145        1.5652528360563245E-002
   5.2837510773031946        1.5208581379201291E-002
   5.2891371640282738        1.5451764508205606E-002
   5.2945232507533539        1.5332689215063245E-002
   5.2999093374784332        1.5249851132844250E-002
   5.3052954242035133        1.5311491180549166E-002
   5.3106815109285934        1.5254048918037246E-002
   5.3160675976536726        1.5220519976885659E-002
   5.3214536843787528        1.5167375372183111E-002
   5.3268397711038320        1.5551315523181104E-002
   5.3322258578289121        1.5642994993093091E-002
   5.3376119445539913        1.5418045537449640E-002
   5.3429980312790715        1.5259175464684088E-002
   5.3483841180041507        1.5358604089420781E-002
   5.3537702047292308        1.5717371711759565E-002
   5.3591562914543101        1.5366919952089990E-002
   5.3645423781793902        1.5580575753295909E-002
   5.3699284649044694        1.5196881443702986E-002
   5.3753145516295495        1.5533652632419721E-002
   5.3807006383546296        1.5524429756841035E-002
