   8.0791300876195647E-003   0.0000000000000000     
   2.4237390262858694E-002   0.0000000000000000     
   4.0395650438097827E-002   0.0000000000000000     
   5.6553910613336950E-002   0.0000000000000000     
   7.2712170788576086E-002   0.0000000000000000     
   8.8870430963815208E-002   0.0000000000000000     
  0.10502869113905434        0.0000000000000000     
  0.12118695131429347        0.0000000000000000     
  0.13734521148953260        0.0000000000000000     
  0.15350347166477174        0.0000000000000000     
  0.16966173184001085        0.0000000000000000     
  0.18581999201524999        0.0000000000000000     
  0.20197825219048912        0.0000000000000000     
  0.21813651236572826        0.0000000000000000     
  0.23429477254096737        0.0000000000000000     
  0.25045303271620650        0.0000000000000000     
  0.26661129289144564        0.0000000000000000     
  0.28276955306668478        0.0000000000000000     
  0.29892781324192391        0.0000000000000000     
  0.31508607341716305        0.0000000000000000     
  0.33124433359240213        0.0000000000000000     
  0.34740259376764127        0.0000000000000000     
  0.36356085394288040        0.0000000000000000     
  0.37971911411811954        0.0000000000000000     
  0.39587737429335867        0.0000000000000000     
  0.41203563446859781        0.0000000000000000     
  0.42819389464383695        0.0000000000000000     
  0.44435215481907608        0.0000000000000000     
  0.46051041499431516        0.0000000000000000     
  0.47666867516955430        0.0000000000000000     
  0.49282693534479344        0.0000000000000000     
  0.50898519552003263        0.0000000000000000     
  0.52514345569527165        0.0000000000000000     
  0.54130171587051079        0.0000000000000000     
  0.55745997604574993        0.0000000000000000     
  0.57361823622098906        0.0000000000000000     
  0.58977649639622820        0.0000000000000000     
  0.60593475657146734        0.0000000000000000     
  0.62209301674670647        0.0000000000000000     
  0.63825127692194561        0.0000000000000000     
  0.65440953709718475        0.0000000000000000     
  0.67056779727242388        0.0000000000000000     
  0.68672605744766302        0.0000000000000000     
  0.70288431762290215        0.0000000000000000     
  0.71904257779814129        0.0000000000000000     
  0.73520083797338043        0.0000000000000000     
  0.75135909814861956        0.0000000000000000     
  0.76751735832385870        0.0000000000000000     
  0.78367561849909773        0.0000000000000000     
  0.79983387867433686        0.0000000000000000     
  0.81599213884957600        0.0000000000000000     
  0.83215039902481514        0.0000000000000000     
  0.84830865920005427        0.0000000000000000     
  0.86446691937529341        0.0000000000000000     
  0.88062517955053254        0.0000000000000000     
  0.89678343972577168        0.0000000000000000     
  0.91294169990101082        0.0000000000000000     
  0.92909996007624995        0.0000000000000000     
  0.94525822025148909        0.0000000000000000     
  0.96141648042672823        0.0000000000000000     
  0.97757474060196736        0.0000000000000000     
  0.99373300077720650        0.0000000000000000     
   1.0098912609524455        0.0000000000000000     
   1.0260495211276848        0.0000000000000000     
   1.0422077813029238        0.0000000000000000     
   1.0583660414781630        0.0000000000000000     
   1.0745243016534021        0.0000000000000000     
   1.0906825618286413        0.0000000000000000     
   1.1068408220038803        0.0000000000000000     
   1.1229990821791196        0.0000000000000000     
   1.1391573423543586        0.0000000000000000     
   1.1553156025295979        0.0000000000000000     
   1.1714738627048369        0.0000000000000000     
   1.1876321228800759        0.0000000000000000     
   1.2037903830553152        0.0000000000000000     
   1.2199486432305542        0.0000000000000000     
   1.2361069034057934        0.0000000000000000     
   1.2522651635810325        0.0000000000000000     
   1.2684234237562717        0.0000000000000000     
   1.2845816839315107        0.0000000000000000     
   1.3007399441067500        0.0000000000000000     
   1.3168982042819890        0.0000000000000000     
   1.3330564644572283        0.0000000000000000     
   1.3492147246324673        0.0000000000000000     
   1.3653729848077065        0.0000000000000000     
   1.3815312449829455        0.0000000000000000     
   1.3976895051581848        0.0000000000000000     
   1.4138477653334238        0.0000000000000000     
   1.4300060255086628        0.0000000000000000     
   1.4461642856839021        0.0000000000000000     
   1.4623225458591411        0.0000000000000000     
   1.4784808060343804        0.0000000000000000     
   1.4946390662096194        0.0000000000000000     
   1.5107973263848586        0.0000000000000000     
   1.5269555865600977        0.0000000000000000     
   1.5431138467353369        0.0000000000000000     
   1.5592721069105759        0.0000000000000000     
   1.5754303670858152        0.0000000000000000     
   1.5915886272610542        0.0000000000000000     
   1.6077468874362935        0.0000000000000000     
   1.6239051476115325        0.0000000000000000     
   1.6400634077867717        0.0000000000000000     
   1.6562216679620108        0.0000000000000000     
   1.6723799281372500        0.0000000000000000     
   1.6885381883124890        0.0000000000000000     
   1.7046964484877281        0.0000000000000000     
   1.7208547086629673        0.0000000000000000     
   1.7370129688382063        0.0000000000000000     
   1.7531712290134456        0.0000000000000000     
   1.7693294891886846        0.0000000000000000     
   1.7854877493639238        0.0000000000000000     
   1.8016460095391629        0.0000000000000000     
   1.8178042697144021        3.7604003424015093E-007
   1.8339625298896411        1.8472148967729145E-006
   1.8501207900648804        1.8150900839587086E-006
   1.8662790502401194        4.9946289755063963E-006
   1.8824373104153587        8.0652003815090641E-006
   1.8985955705905977        1.0686245534666010E-005
   1.9147538307658369        1.7285130964523983E-005
   1.9309120909410760        2.2329459041454292E-005
   1.9470703511163150        3.9332030969508230E-005
   1.9632286112915542        7.7696904607131454E-005
   1.9793868714667933        9.9268486523286813E-005
   1.9955451316420325        1.2138218089262745E-004
   2.0117033918172718        1.7900662791949589E-004
   2.0278616519925108        2.5080137296313481E-004
   2.0440199121677498        3.0871347077159592E-004
   2.0601781723429888        3.6097904680998296E-004
   2.0763364325182283        4.4790308582483550E-004
   2.0924946926934673        5.6900245991615647E-004
   2.1086529528687064        6.1760465741574966E-004
   2.1248112130439454        6.8806239553359397E-004
   2.1409694732191848        6.7934227001438703E-004
   2.1571277333944239        6.5371464993661170E-004
   2.1732859935696629        6.3482218627782818E-004
   2.1894442537449019        5.9127027389775785E-004
   2.2056025139201410        5.0447674930129041E-004
   2.2217607740953804        4.5613370197473751E-004
   2.2379190342706194        4.0640002153189032E-004
   2.2540772944458585        3.3945360816880414E-004
   2.2702355546210975        2.4567497499392737E-004
   2.2863938147963370        1.8136398498925200E-004
   2.3025520749715760        1.4835882296244102E-004
   2.3187103351468150        1.2757767392114022E-004
   2.3348685953220540        9.7326608701675459E-005
   2.3510268554972935        5.2605273964944564E-005
   2.3671851156725325        2.9049286379647860E-005
   2.3833433758477716        2.2969137411817476E-005
   2.3995016360230106        1.1222506597231506E-005
   2.4156598961982501        8.3046562418580828E-006
   2.4318181563734891        5.0428689908808524E-006
   2.4479764165487281        8.5015485672518097E-006
   2.4641346767239671        4.0928870768894375E-006
   2.4802929368992062        3.4337733137068102E-006
   2.4964511970744456        3.1900866484504161E-006
   2.5126094572496847        5.9047285495563104E-007
   2.5287677174249237        0.0000000000000000     
   2.5449259776001627        0.0000000000000000     
   2.5610842377754022        0.0000000000000000     
   2.5772424979506412        0.0000000000000000     
   2.5934007581258802        1.8475211492579703E-007
   2.6095590183011192        1.0948274898143878E-006
   2.6257172784763587        2.1627883229215024E-006
   2.6418755386515977        5.3410328069679962E-007
   2.6580337988268368        7.0350582177574100E-007
   2.6741920590020758        6.9502993182932071E-007
   2.6903503191773153        4.4635909590322100E-006
   2.7065085793525543        3.5622893527663036E-006
   2.7226668395277933        5.0287606920811002E-006
   2.7388250997030323        9.9391987185817993E-006
   2.7549833598782714        1.6699018167741106E-005
   2.7711416200535108        1.4886723235105569E-005
   2.7872998802287499        2.3031585320667921E-005
   2.8034581404039889        3.5415110634905356E-005
   2.8196164005792279        4.9389629266937878E-005
   2.8357746607544674        6.3198768549751794E-005
   2.8519329209297064        7.5776023305621689E-005
   2.8680911811049454        1.0271922973789036E-004
   2.8842494412801845        1.3936212575911016E-004
   2.9004077014554239        2.0280618422965406E-004
   2.9165659616306630        2.4891710628617417E-004
   2.9327242218059020        3.0642696408909658E-004
   2.9488824819811410        3.6066432361431998E-004
   2.9650407421563805        4.0748542537932927E-004
   2.9811990023316195        4.7788004391999169E-004
   2.9973572625068585        5.1672398405621062E-004
   3.0135155226820975        5.7167650868673728E-004
   3.0296737828573366        6.1906783975453571E-004
   3.0458320430325760        6.2577716831403632E-004
   3.0619903032078151        6.1759970440140833E-004
   3.0781485633830541        5.8503501145418788E-004
   3.0943068235582931        5.5869552886532654E-004
   3.1104650837335326        4.9665213134973609E-004
   3.1266233439087716        4.1018202839243980E-004
   3.1427816040840106        3.1954653266315060E-004
   3.1589398642592497        2.7120891331092683E-004
   3.1750981244344891        2.1311277925895974E-004
   3.1912563846097282        1.6337514591404750E-004
   3.2074146447849672        1.3383150193847925E-004
   3.2235729049602062        1.0546841055505123E-004
   3.2397311651354452        7.7071152424578419E-005
   3.2558894253106847        5.7670620252533045E-005
   3.2720476854859237        4.4219572868376256E-005
   3.2882059456611628        3.3787660999852123E-005
   3.3043642058364018        2.0598309396514636E-005
   3.3205224660116412        1.6453899201835028E-005
   3.3366807261868803        1.3058262087545957E-005
   3.3528389863621193        9.7271609787785642E-006
   3.3689972465373583        4.8170393392538171E-006
   3.3851555067125978        4.4458564851256468E-006
   3.4013137668878368        3.0074157522481482E-006
   3.4174720270630758        1.4895220386536335E-006
   3.4336302872383149        2.2133040001641111E-006
   3.4497885474135543        5.1161110908920166E-006
   3.4659468075887934        8.4820124587023126E-006
   3.4821050677640324        1.2605213646487458E-005
   3.4982633279392714        1.7261270973092217E-005
   3.5144215881145104        2.2334390436560419E-005
   3.5305798482897499        3.2099084268344736E-005
   3.5467381084649889        3.6548733351326988E-005
   3.5628963686402280        4.8649553461260472E-005
   3.5790546288154670        7.2462414278870159E-005
   3.5952128889907065        9.9883827855870572E-005
   3.6113711491659455        1.2967096190593194E-004
   3.6275294093411845        1.5996330891432565E-004
   3.6436876695164235        1.9130550367556820E-004
   3.6598459296916630        2.0483413080918370E-004
   3.6760041898669020        2.2648595654038028E-004
   3.6921624500421411        2.5732272353839417E-004
   3.7083207102173801        2.7505461737935516E-004
   3.7244789703926195        2.6926926807021331E-004
   3.7406372305678586        2.7467403272511394E-004
   3.7567954907430976        2.7460543987415162E-004
   3.7729537509183366        2.5139601856195615E-004
   3.7891120110935756        2.1957073311281496E-004
   3.8052702712688151        1.9007788364368847E-004
   3.8214285314440541        1.6005387272993005E-004
   3.8375867916192932        1.3660270640176422E-004
   3.8537450517945322        1.0140644019179099E-004
   3.8699033119697717        8.2307672763565597E-005
   3.8860615721450107        6.6155441822040927E-005
   3.9022198323202497        4.6105619928325498E-005
   3.9183780924954887        3.9899102151656375E-005
   3.9345363526707282        3.1143935066819862E-005
   3.9506946128459672        2.1893472948070144E-005
   3.9668528730212063        1.9820309040933106E-005
   3.9830111331964453        9.8690737028625927E-006
   3.9991693933716848        6.6817118139676313E-006
   4.0153276535469233        5.8573409277158484E-006
   4.0314859137221628        6.1162972675404626E-006
   4.0476441738974023        6.2192510925274948E-006
   4.0638024340726409        6.1698921682180834E-006
   4.0799606942478803        6.8675963930888597E-006
   4.0961189544231189        1.2738321979570056E-005
   4.1122772145983584        2.0500683157628957E-005
   4.1284354747735978        2.3912872018130519E-005
   4.1445937349488364        2.9947826474090787E-005
   4.1607519951240759        3.9405567335942968E-005
   4.1769102552993154        5.4699056225901321E-005
   4.1930685154745539        6.8766643172664242E-005
   4.2092267756497934        9.2365551929014171E-005
   4.2253850358250320        1.1260945118530227E-004
   4.2415432960002715        1.2466895030353373E-004
   4.2577015561755109        1.3894157660735703E-004
   4.2738598163507495        1.5496801887370683E-004
   4.2900180765259890        1.6399785922780916E-004
   4.3061763367012276        1.6390860040466643E-004
   4.3223345968764670        1.6893742132895585E-004
   4.3384928570517065        1.5718479505815228E-004
   4.3546511172269451        1.3629675454683419E-004
   4.3708093774021846        1.1590785811819216E-004
   4.3869676375774240        1.0091576825386714E-004
   4.4031258977526626        7.0629853067604367E-005
   4.4192841579279021        5.9997997253594558E-005
   4.4354424181031407        5.4698185243265765E-005
   4.4516006782783801        4.5962166577800305E-005
   4.4677589384536196        3.8844903186804077E-005
   4.4839171986288582        3.0407369650291058E-005
   4.5000754588040977        2.2764768450293220E-005
   4.5162337189793371        2.1140028957434579E-005
   4.5323919791545757        1.9235395360764185E-005
   4.5485502393298152        1.6276170163781562E-005
   4.5647084995050538        2.0335610015702418E-005
   4.5808667596802932        2.7298232584795291E-005
   4.5970250198555327        3.6926218385859708E-005
   4.6131832800307713        4.8228921966280013E-005
   4.6293415402060107        7.3288790491182854E-005
   4.6454998003812493        9.5235647974609711E-005
   4.6616580605564888        1.3637553992745861E-004
   4.6778163207317283        1.7353854391501363E-004
   4.6939745809069668        2.1125900778110038E-004
   4.7101328410822063        2.6514953648971805E-004
   4.7262911012574458        3.0350255983188336E-004
   4.7424493614326844        3.6381391556883645E-004
   4.7586076216079238        4.3389123749357087E-004
   4.7747658817831624        4.6556930161435745E-004
   4.7909241419584019        4.7824202866372144E-004
   4.8070824021336414        4.8756151371026944E-004
   4.8232406623088799        4.9610462702354022E-004
   4.8393989224841194        4.7942680418670001E-004
   4.8555571826593580        4.5378897668506643E-004
   4.8717154428345975        4.0465826781546567E-004
   4.8878737030098369        3.4352773697303484E-004
   4.9040319631850755        2.9703981308556841E-004
   4.9201902233603150        2.4869034980312324E-004
   4.9363484835355544        2.0382219087841614E-004
   4.9525067437107930        1.5998929143400944E-004
   4.9686650038860325        1.3413642297236688E-004
   4.9848232640612711        1.0986502742275887E-004
   5.0009815242365105        8.9680010082335244E-005
   5.0171397844117500        7.9921456368320598E-005
   5.0332980445869886        6.7245171090831170E-005
   5.0494563047622281        6.5694588938025773E-005
   5.0656145649374666        7.0602842279770343E-005
   5.0817728251127061        7.8141991841020823E-005
   5.0979310852879456        8.5679915716473573E-005
   5.1140893454631842        1.0029529442533957E-004
   5.1302476056384236        1.1887978749781647E-004
   5.1464058658136631        1.4056030466742206E-004
   5.1625641259889017        1.8173553947148865E-004
   5.1787223861641412        2.2832548388030167E-004
   5.1948806463393797        2.6853154872080390E-004
   5.2110389065146192        3.0544399294299169E-004
   5.2271971666898587        3.5235529232296569E-004
   5.2433554268650973        3.9280780186434479E-004
   5.2595136870403367        4.1501399223916609E-004
   5.2756719472155762        4.2707462063140315E-004
   5.2918302073908148        4.3791548184988880E-004
   5.3079884675660542        4.1157002938143944E-004
   5.3241467277412928        3.6493302267959519E-004
   5.3403049879165323        3.1771922377365938E-004
   5.3564632480917718        2.6279570777191336E-004
   5.3726215082670103        2.1468209781288754E-004
   5.3887797684422498        1.7531297088418767E-004
   5.4049380286174884        1.4393879831854159E-004
   5.4210962887927279        1.2211018883339302E-004
   5.4372545489679673        1.0133671847515281E-004
   5.4534128091432059        7.4079995138361777E-005
   5.4695710693184454        5.2293552780716209E-005
   5.4857293294936849        3.7162311304660084E-005
   5.5018875896689234        2.6969376261897248E-005
   5.5180458498441629        2.0935132544080680E-005
   5.5342041100194015        1.6471936072865717E-005
   5.5503623701946410        1.0083848043407455E-005
   5.5665206303698804        8.2609222554422748E-006
   5.5826788905451190        6.4589017554853200E-006
   5.5988371507203585        4.9153559738316075E-006
   5.6149954108955971        3.2317964751928780E-006
   5.6311536710708365        1.8417558666348534E-006
   5.6473119312460760        1.4416078322781300E-006
   5.6634701914213146        7.7480733013221432E-007
   5.6796284515965541        4.6224301524393751E-007
   5.6957867117717935        3.8302006696330709E-007
   5.7119449719470321        3.8085611647270858E-007
   5.7281032321222716        8.7103404152063741E-007
   5.7442614922975102        4.5189944469695794E-007
   5.7604197524727496        2.9957853369452394E-007
   5.7765780126479891        1.2660958851282383E-006
   5.7927362728232277        2.4440235619835688E-006
   5.8088945329984671        3.7561433263553559E-006
   5.8250527931737057        5.8227260795423565E-006
   5.8412110533489452        7.4658116963380100E-006
   5.8573693135241847        9.0182672207890796E-006
   5.8735275736994232        1.2210421127736373E-005
   5.8896858338746627        1.7051070994587945E-005
   5.9058440940499022        2.2408648196054079E-005
   5.9220023542251408        3.0294091495283011E-005
   5.9381606144003802        4.1899317050698161E-005
   5.9543188745756188        4.7350017226389693E-005
   5.9704771347508583        5.9712912519329874E-005
   5.9866353949260978        7.5339559933750250E-005
   6.0027936551013363        9.0211079802216912E-005
   6.0189519152765758        1.0145778895810906E-004
   6.0351101754518153        1.2455764805594554E-004
   6.0512684356270539        1.4103005446824867E-004
   6.0674266958022933        1.5695416665281227E-004
   6.0835849559775319        1.6176203958219942E-004
   6.0997432161527714        1.6277638256017183E-004
   6.1159014763280108        1.5806381151602702E-004
   6.1320597365032494        1.5339858592470295E-004
   6.1482179966784889        1.3507239480853571E-004
   6.1643762568537275        1.2014061438817557E-004
   6.1805345170289669        1.0106904353250721E-004
   6.1966927772042064        8.5689385028080991E-005
   6.2128510373794450        7.5296937997547153E-005
   6.2290092975546845        7.0135053485346542E-005
   6.2451675577299239        6.6299898948571286E-005
   6.2613258179051625        6.7447831762705904E-005
   6.2774840780804020        7.2240846503111855E-005
   6.2936423382556406        9.0692829460866587E-005
   6.3098005984308800        1.0692642978412113E-004
   6.3259588586061195        1.2479415873410278E-004
   6.3421171187813581        1.5146851084460754E-004
   6.3582753789565976        1.7396694729538895E-004
   6.3744336391318361        2.0651068146778804E-004
   6.3905918993070756        2.4757747300104980E-004
   6.4067501594823151        2.7935791993125231E-004
   6.4229084196575537        3.0741218946329479E-004
   6.4390666798327931        3.4258422385449446E-004
   6.4552249400080326        3.6171541749952093E-004
   6.4713832001832712        3.5638048379187082E-004
   6.4875414603585106        3.5425316684751119E-004
   6.5036997205337492        3.2482191892653511E-004
   6.5198579807089887        2.9380689441127906E-004
   6.5360162408842282        2.6193072998834083E-004
   6.5521745010594667        2.2118980439890290E-004
   6.5683327612347062        1.8081730836974697E-004
   6.5844910214099457        1.5184360871939876E-004
   6.6006492815851843        1.2782844903469042E-004
   6.6168075417604237        1.1187900547139272E-004
   6.6329658019356623        1.0368068342311462E-004
   6.6491240621109018        1.0120995509743000E-004
   6.6652823222861413        1.0578239824548856E-004
   6.6814405824613798        1.1367749530298378E-004
   6.6975988426366193        1.2675839649479650E-004
   6.7137571028118579        1.3993274323724283E-004
   6.7299153629870974        1.6565436665316656E-004
   6.7460736231623368        2.0491678258745556E-004
   6.7622318833375754        2.2722652678957111E-004
   6.7783901435128149        2.4261448050107466E-004
   6.7945484036880543        2.5273965257994845E-004
   6.8107066638632929        2.5558686460926903E-004
   6.8268649240385324        2.6144374447423468E-004
   6.8430231842137710        2.4516469556286748E-004
   6.8591814443890105        2.2087496858884411E-004
   6.8753397045642499        1.9880841591855803E-004
   6.8914979647394885        1.7160872059157969E-004
   6.9076562249147280        1.5044228574122621E-004
   6.9238144850899666        1.3229663784001546E-004
   6.9399727452652060        1.1614992898899546E-004
   6.9561310054404455        1.0592962523873451E-004
   6.9722892656156841        1.0265305974739766E-004
   6.9884475257909235        1.0271321443345445E-004
   7.0046057859661630        1.0700111539389170E-004
   7.0207640461414016        1.1306356660677581E-004
   7.0369223063166411        1.2607039329301192E-004
   7.0530805664918796        1.4565129193222764E-004
   7.0692388266671191        1.6132234359528822E-004
   7.0853970868423586        1.8573486148611829E-004
   7.1015553470175972        2.0327126328900045E-004
   7.1177136071928366        2.1976371138753486E-004
   7.1338718673680752        2.3131924251762392E-004
   7.1500301275433147        2.3287565381993920E-004
   7.1661883877185542        2.2430155435435969E-004
   7.1823466478937927        2.1498318450374193E-004
   7.1985049080690322        1.8814500150410765E-004
   7.2146631682442717        1.6393206851625375E-004
   7.2308214284195103        1.4043252636731666E-004
   7.2469796885947497        1.2352890644996576E-004
   7.2631379487699883        1.0314670322520931E-004
   7.2792962089452278        8.9158411177825419E-005
   7.2954544691204672        7.7207321238552992E-005
   7.3116127292957058        6.7894436634814443E-005
   7.3277709894709453        6.1532357397433866E-005
   7.3439292496461848        5.9280493529766854E-005
   7.3600875098214233        5.5923808307697908E-005
   7.3762457699966628        5.7049346010879110E-005
   7.3924040301719014        5.9597030947781039E-005
   7.4085622903471409        6.1057928605129147E-005
   7.4247205505223803        6.5976837046760294E-005
   7.4408788106976189        6.9259037741246850E-005
   7.4570370708728584        7.4277521759614931E-005
   7.4731953310480970        7.5892357928617068E-005
   7.4893535912233364        7.7957802951048518E-005
   7.5055118513985759        7.1600636040183797E-005
   7.5216701115738145        6.7801150042784306E-005
   7.5378283717490540        6.2458954269645011E-005
   7.5539866319242934        5.7096470018251564E-005
   7.5701448920995320        5.5378540354044533E-005
   7.5863031522747715        5.7992872057591229E-005
   7.6024614124500101        6.2970902638999164E-005
   7.6186196726252495        6.8676913401912717E-005
   7.6347779328004890        7.8427065428435632E-005
   7.6509361929757276        9.0238307528185750E-005
   7.6670944531509670        1.0393637789565822E-004
   7.6832527133262056        1.2490686341449757E-004
   7.6994109735014451        1.4658094653210359E-004
   7.7155692336766846        1.7024339402166714E-004
   7.7317274938519231        1.8836489916347978E-004
   7.7478857540271626        1.9701907758532507E-004
   7.7640440142024021        2.0520799850459517E-004
   7.7802022743776407        2.0349433687218363E-004
   7.7963605345528801        1.9823601770343813E-004
   7.8125187947281187        1.8387842565333620E-004
   7.8286770549033582        1.7202996012484110E-004
   7.8448353150785977        1.5860158597649914E-004
   7.8609935752538362        1.4743363463428041E-004
   7.8771518354290757        1.4152255367541662E-004
   7.8933100956043143        1.4407492647368667E-004
   7.9094683557795538        1.5119352514132627E-004
   7.9256266159547932        1.6573038464801421E-004
   7.9417848761300318        1.9025452419328353E-004
   7.9579431363052713        2.0941792195670951E-004
   7.9741013964805108        2.3860588784064762E-004
   7.9902596566557493        2.7248038869873695E-004
   8.0064179168309888        3.0309456625865488E-004
   8.0225761770062274        3.4019807525083480E-004
   8.0387344371814677        3.6919419628729229E-004
   8.0548926973567063        3.8265286164654403E-004
   8.0710509575319449        3.7375922937802800E-004
   8.0872092177071835        3.4889835970627658E-004
   8.1033674778824238        3.1664435039805458E-004
   8.1195257380576624        2.7821686689702473E-004
   8.1356839982329010        2.3750114822143728E-004
   8.1518422584081414        2.0505280199585113E-004
   8.1680005185833799        1.6544633467984908E-004
   8.1841587787586185        1.3192028695368127E-004
   8.2003170389338589        1.1029842066419203E-004
   8.2164752991090975        8.8109212839962702E-005
   8.2326335592843360        6.7174879613989208E-005
   8.2487918194595764        5.1462313313609875E-005
   8.2649500796348150        3.8618777945518058E-005
   8.2811083398100536        2.7107137764577313E-005
   8.2972665999852921        1.7706304170286184E-005
   8.3134248601605325        1.3790004722694693E-005
   8.3295831203357711        1.1085955196426362E-005
   8.3457413805110097        8.6346456447062547E-006
   8.3618996406862500        6.4154378666275468E-006
   8.3780579008614886        4.5142173818334611E-006
   8.3942161610367272        3.6856576477051002E-006
   8.4103744212119675        4.1106850132475285E-006
   8.4265326813872061        4.7074255972710137E-006
   8.4426909415624447        7.5135380619268929E-006
   8.4588492017376851        1.0020335238451496E-005
   8.4750074619129236        1.1608372763800065E-005
   8.4911657220881622        1.3890868872027933E-005
   8.5073239822634008        1.8078876200698302E-005
   8.5234822424386412        2.4680912592601633E-005
   8.5396405026138797        2.8830368030798687E-005
   8.5557987627891183        3.3542453194722681E-005
   8.5719570229643587        3.7863706783118028E-005
   8.5881152831395973        4.1815283999232787E-005
   8.6042735433148358        4.6962185251218000E-005
   8.6204318034900762        5.1418107052984730E-005
   8.6365900636653148        5.7089796771744165E-005
   8.6527483238405534        6.0611025256296362E-005
   8.6689065840157937        6.4667813216807651E-005
   8.6850648441910323        6.9929523573839206E-005
   8.7012231043662709        7.6546782139211330E-005
   8.7173813645415095        8.4945908617918732E-005
   8.7335396247167498        9.8218591001765187E-005
   8.7496978848919884        1.1851811053834064E-004
   8.7658561450672270        1.4109309597033659E-004
   8.7820144052424673        1.6458076885123588E-004
   8.7981726654177059        1.9161929522645176E-004
   8.8143309255929445        2.2300085617403203E-004
   8.8304891857681849        2.5179323264199897E-004
   8.8466474459434234        2.7257829505828140E-004
   8.8628057061186620        2.9474471389164583E-004
   8.8789639662939024        2.9372020114176733E-004
   8.8951222264691410        3.0012942718778195E-004
   8.9112804866443796        2.9067051656465605E-004
   8.9274387468196181        2.7530668779036102E-004
   8.9435970069948585        2.5560895001287175E-004
   8.9597552671700971        2.3295563110715094E-004
   8.9759135273453357        2.1620102227022984E-004
   8.9920717875205760        1.9882757862176817E-004
   9.0082300476958146        1.9349051832877079E-004
   9.0243883078710532        1.8379611120705934E-004
   9.0405465680462935        1.8543540473452944E-004
   9.0567048282215321        1.8638012758178871E-004
   9.0728630883967707        1.9635900452081274E-004
   9.0890213485720110        2.0913875593335055E-004
   9.1051796087472496        2.1743506628306458E-004
   9.1213378689224882        2.2555184728746620E-004
   9.1374961290977286        2.3137753772515347E-004
   9.1536543892729672        2.2236042388206661E-004
   9.1698126494482057        2.1056804742432847E-004
   9.1859709096234443        2.0084517673358722E-004
   9.2021291697986847        1.7959667557474024E-004
   9.2182874299739233        1.6030901001180863E-004
   9.2344456901491618        1.4711490920498048E-004
   9.2506039503244022        1.4156272178508322E-004
   9.2667622104996408        1.3342923417602637E-004
   9.2829204706748794        1.2830753197071022E-004
   9.2990787308501197        1.3230227228543673E-004
   9.3152369910253583        1.2936633633784316E-004
   9.3313952512005969        1.3514059231418705E-004
   9.3475535113758372        1.3871257727467444E-004
   9.3637117715510758        1.4840979641815726E-004
   9.3798700317263144        1.4791304300610777E-004
   9.3960282919015530        1.4855887984255683E-004
   9.4121865520767933        1.4170928613376507E-004
   9.4283448122520319        1.3654120992980827E-004
   9.4445030724272705        1.2689411697380031E-004
   9.4606613326025109        1.2161583453180768E-004
   9.4768195927777494        1.1443577231187747E-004
   9.4929778529529880        1.0345679534877736E-004
   9.5091361131282284        1.0189621172896646E-004
   9.5252943733034670        1.0407074007311165E-004
   9.5414526334787055        1.1027006272686865E-004
   9.5576108936539459        1.1529786557366583E-004
   9.5737691538291845        1.2304319378335707E-004
   9.5899274140044231        1.3043846084524242E-004
   9.6060856741796616        1.3871246421359346E-004
   9.6222439343549020        1.4340054856479593E-004
   9.6384021945301406        1.4306727859655954E-004
   9.6545604547053792        1.4664142893207522E-004
   9.6707187148806195        1.4797206284679205E-004
   9.6868769750558581        1.4971676151025331E-004
   9.7030352352310967        1.4746317946839655E-004
   9.7191934954063370        1.4026456338547222E-004
   9.7353517555815756        1.4605314283815468E-004
   9.7515100157568142        1.5003853402613209E-004
   9.7676682759320546        1.6604405441297866E-004
   9.7838265361072931        1.7954160574956481E-004
   9.7999847962825317        1.9737421708028533E-004
   9.8161430564577703        2.1021393492354272E-004
   9.8323013166330107        2.2596310015245800E-004
   9.8484595768082492        2.4413168194796213E-004
   9.8646178369834878        2.6082655789845364E-004
   9.8807760971587282        2.5879051631212560E-004
   9.8969343573339668        2.4676973462059649E-004
   9.9130926175092053        2.3218313359237009E-004
   9.9292508776844457        2.1385859064441406E-004
   9.9454091378596843        1.9596588041044240E-004
   9.9615673980349229        1.7393056326736551E-004
   9.9777256582101632        1.6657775942683018E-004
   9.9938839183854018        1.5684553668190011E-004
   10.010042178560640        1.4494305181447765E-004
   10.026200438735879        1.3712140708481313E-004
   10.042358698911119        1.3377266890507583E-004
   10.058516959086358        1.2994117098304308E-004
   10.074675219261596        1.3000214713397657E-004
   10.090833479436837        1.2896377562424322E-004
   10.106991739612075        1.2785838904879015E-004
   10.123149999787314        1.2170308686602926E-004
   10.139308259962554        1.1109004077051534E-004
   10.155466520137793        9.8254674616796817E-005
   10.171624780313032        8.7409855616132364E-005
   10.187783040488272        7.5639606409485708E-005
   10.203941300663510        6.2940941691139513E-005
   10.220099560838749        5.1821100554505014E-005
   10.236257821013988        4.2194177557536134E-005
   10.252416081189228        3.3963480862391741E-005
   10.268574341364467        2.6361777809249931E-005
   10.284732601539705        2.3107202214982559E-005
   10.300890861714946        1.8549603037111726E-005
   10.317049121890184        1.6436928755744315E-005
   10.333207382065423        1.6560125497349950E-005
   10.349365642240663        1.7819387365509091E-005
   10.365523902415902        2.0470090668364325E-005
   10.381682162591140        2.3888193511193017E-005
   10.397840422766381        2.7813656384408733E-005
   10.413998682941619        3.3891605912288406E-005
   10.430156943116858        4.0537160807982932E-005
   10.446315203292098        4.9897080600574873E-005
   10.462473463467337        6.0334198127406288E-005
   10.478631723642575        7.1340486306238840E-005
   10.494789983817814        8.3440791212582228E-005
   10.510948243993054        9.4487901739826545E-005
   10.527106504168293        1.0489499673069142E-004
   10.543264764343531        1.1156021211826025E-004
   10.559423024518772        1.1985579945061383E-004
   10.575581284694010        1.2056751380914170E-004
   10.591739544869249        1.1548142939731164E-004
   10.607897805044489        1.0966381330249947E-004
   10.624056065219728        1.0311039760113025E-004
   10.640214325394966        1.0067917714491244E-004
   10.656372585570207        9.6971021040314866E-005
   10.672530845745445        9.8161269754959023E-005
   10.688689105920684        1.0340073349381742E-004
   10.704847366095922        1.0770813176755233E-004
   10.721005626271163        1.1471343456899120E-004
   10.737163886446401        1.2415511901432179E-004
   10.753322146621640        1.2946687403900614E-004
   10.769480406796880        1.3482121140868358E-004
   10.785638666972119        1.4031381173293722E-004
   10.801796927147358        1.4884007900341919E-004
   10.817955187322598        1.5061492178005382E-004
   10.834113447497836        1.5716350837906510E-004
   10.850271707673075        1.6804211214609466E-004
   10.866429967848315        1.8454851204152957E-004
   10.882588228023554        1.9832267978925412E-004
   10.898746488198793        2.1926392988949635E-004
   10.914904748374031        2.4354319641566228E-004
   10.931063008549271        2.6334154347730672E-004
   10.947221268724510        2.9003121644148382E-004
   10.963379528899749        3.0295759562018096E-004
   10.979537789074989        3.1140530191423217E-004
   10.995696049250228        3.0986382759297604E-004
   11.011854309425466        2.9782660326976152E-004
   11.028012569600707        2.8013687816590973E-004
   11.044170829775945        2.6406724726741172E-004
   11.060329089951184        2.4480933929698094E-004
   11.076487350126424        2.2274572621745872E-004
   11.092645610301663        2.0621225847495772E-004
   11.108803870476901        1.9208988604053998E-004
   11.124962130652140        1.8278749177484351E-004
   11.141120390827380        1.7773276562984785E-004
   11.157278651002619        1.6704680563528208E-004
   11.173436911177857        1.6107989034433608E-004
   11.189595171353098        1.5506732496066441E-004
   11.205753431528336        1.4466536256224537E-004
   11.221911691703575        1.3197422341303157E-004
   11.238069951878815        1.2110674387332579E-004
   11.254228212054054        1.0600402464250383E-004
   11.270386472229292        9.2131912604581791E-005
   11.286544732404533        7.8982548559445288E-005
   11.302702992579771        6.6481820910999960E-005
   11.318861252755010        5.6234359980516083E-005
   11.335019512930248        4.7360314559865257E-005
   11.351177773105489        4.3406641129774241E-005
   11.367336033280727        3.9667567954438184E-005
   11.383494293455966        3.9708461502001172E-005
   11.399652553631206        4.2741849632122222E-005
   11.415810813806445        4.8627917244573339E-005
   11.431969073981683        5.8511930720709123E-005
   11.448127334156924        7.3867486334327332E-005
   11.464285594332162        8.7321050148715990E-005
   11.480443854507401        1.0491287244122999E-004
   11.496602114682641        1.2940952179089416E-004
   11.512760374857880        1.5607457297356524E-004
   11.528918635033119        1.8639465836233317E-004
   11.545076895208357        2.1932263352196621E-004
   11.561235155383597        2.4480534093524782E-004
   11.577393415558836        2.6644606510591864E-004
   11.593551675734075        2.8051399416976027E-004
   11.609709935909315        2.8506231756007382E-004
   11.625868196084554        2.8496917993817893E-004
   11.642026456259792        2.7541414466688679E-004
   11.658184716435033        2.5824035488905756E-004
   11.674342976610271        2.4918370869506421E-004
   11.690501236785510        2.4022157286126915E-004
   11.706659496960750        2.2583147299516741E-004
   11.722817757135989        2.1788531978353840E-004
   11.738976017311227        2.1152396119043405E-004
   11.755134277486468        2.0972888269672787E-004
   11.771292537661706        2.0602377038278879E-004
   11.787450797836945        2.0431460216105120E-004
   11.803609058012183        1.9887709763997694E-004
   11.819767318187424        1.8855000157218851E-004
   11.835925578362662        1.7160826482830299E-004
   11.852083838537901        1.5301552015039286E-004
   11.868242098713141        1.3387051251508730E-004
   11.884400358888380        1.1153860792801132E-004
   11.900558619063618        9.2486030010903642E-005
   11.916716879238859        7.5085085454636264E-005
   11.932875139414097        5.7804167553673075E-005
   11.949033399589336        4.7674428766319092E-005
   11.965191659764576        3.8215397965923120E-005
   11.981349919939815        2.9837250439173142E-005
   11.997508180115053        2.4896721830822450E-005
   12.013666440290292        2.1480700070771215E-005
   12.029824700465532        2.1431620176320856E-005
   12.045982960640771        1.9438841949156596E-005
   12.062141220816009        2.1086344274095408E-005
   12.078299480991250        2.4522181246403404E-005
   12.094457741166488        2.7480871592498134E-005
   12.110616001341727        3.4312437922568603E-005
   12.126774261516967        4.0456897563793506E-005
   12.142932521692206        4.7461832642337455E-005
   12.159090781867445        5.2008834782652333E-005
   12.175249042042685        5.8216429255958503E-005
   12.191407302217923        6.4282269336911368E-005
   12.207565562393162        6.9965607795454061E-005
   12.223723822568401        7.6550098815728404E-005
   12.239882082743641        8.0868459277079271E-005
   12.256040342918880        9.0077568622892450E-005
   12.272198603094118        1.0257941190694006E-004
   12.288356863269358        1.1741806763912037E-004
   12.304515123444597        1.3316335173652020E-004
   12.320673383619836        1.4341488650858802E-004
   12.336831643795076        1.6319724125876391E-004
   12.352989903970315        1.6990385679501734E-004
   12.369148164145553        1.7717590311190184E-004
   12.385306424320794        1.8129072750043006E-004
   12.401464684496032        1.8169927905713461E-004
   12.417622944671271        1.8046922408833605E-004
   12.433781204846509        1.7856979282096324E-004
   12.449939465021750        1.7721672550084999E-004
   12.466097725196988        1.7757319797372115E-004
   12.482255985372227        1.7767202475013649E-004
   12.498414245547467        1.7807997720835480E-004
   12.514572505722706        1.8431678600878471E-004
   12.530730765897944        1.8953164925691301E-004
   12.546889026073185        1.9222478196319462E-004
   12.563047286248423        1.9211640699178759E-004
   12.579205546423662        1.9426955044903318E-004
   12.595363806598902        1.9297249539965486E-004
   12.611522066774141        1.8658764886857207E-004
   12.627680326949379        1.7918282971724004E-004
   12.643838587124618        1.7611352451313270E-004
   12.659996847299858        1.7523784832870480E-004
   12.676155107475097        1.7663959487405570E-004
   12.692313367650335        1.7858129324298372E-004
   12.708471627825576        1.8232060081470899E-004
   12.724629888000814        1.8509641246358642E-004
   12.740788148176053        1.8585199553174190E-004
   12.756946408351293        1.8090710115021034E-004
   12.773104668526532        1.7300108284820038E-004
   12.789262928701771        1.6404805571777113E-004
   12.805421188877011        1.5463950527896695E-004
   12.821579449052249        1.4491501532946650E-004
   12.837737709227488        1.3880522499635722E-004
   12.853895969402727        1.3521503767224884E-004
   12.870054229577967        1.3695373974672404E-004
   12.886212489753206        1.3310843166171288E-004
   12.902370749928444        1.3200641974239391E-004
   12.918529010103684        1.2831841355137114E-004
   12.934687270278923        1.2135822307805933E-004
   12.950845530454162        1.1860335668198198E-004
   12.967003790629402        1.1163470459476347E-004
   12.983162050804641        1.0759006414722157E-004
   12.999320310979879        1.0560941935983462E-004
   13.015478571155120        1.0298544446787213E-004
   13.031636831330358        1.0244485252229809E-004
   13.047795091505597        1.0111104564172780E-004
   13.063953351680835        1.0601589471013444E-004
   13.080111611856076        1.1149176610777553E-004
   13.096269872031314        1.1554928147739604E-004
   13.112428132206553        1.2154500880321745E-004
   13.128586392381793        1.2666018941659196E-004
   13.144744652557032        1.3505080494518570E-004
   13.160902912732270        1.4317029167611382E-004
   13.177061172907511        1.5284543812334658E-004
   13.193219433082749        1.6522837693594815E-004
   13.209377693257988        1.7937337998909816E-004
   13.225535953433228        1.9215587900470437E-004
   13.241694213608467        2.0416682369123060E-004
   13.257852473783705        2.0802421400528678E-004
   13.274010733958946        2.0820213608508536E-004
   13.290168994134184        2.0228621350130215E-004
   13.306327254309423        1.9542991260136378E-004
   13.322485514484661        1.8145826402565652E-004
   13.338643774659902        1.6264393284114813E-004
   13.354802034835140        1.4162091677663496E-004
   13.370960295010379        1.2131756318521960E-004
   13.387118555185619        9.9801324038105581E-005
   13.403276815360858        8.3735133882925766E-005
   13.419435075536096        7.1133977999585909E-005
   13.435593335711337        6.1277764479333518E-005
   13.451751595886575        5.2759683198788505E-005
   13.467909856061814        4.6453919858636375E-005
   13.484068116237054        4.5228679802278666E-005
   13.500226376412293        4.5243198414022720E-005
   13.516384636587532        4.7406808389165307E-005
   13.532542896762770        5.1541274691098569E-005
   13.548701156938010        5.8370321137423015E-005
   13.564859417113249        7.0197706520997908E-005
   13.581017677288488        8.0190113574937584E-005
   13.597175937463728        9.1620185630475259E-005
   13.613334197638967        1.0375346368471948E-004
   13.629492457814205        1.1809659570636652E-004
   13.645650717989446        1.3412661770053393E-004
   13.661808978164684        1.4783027483899957E-004
   13.677967238339923        1.5909771822075227E-004
   13.694125498515163        1.7618235913137038E-004
   13.710283758690402        1.9469326544068415E-004
   13.726442018865640        2.2027871473823482E-004
   13.742600279040879        2.4086797468279234E-004
   13.758758539216119        2.5765785119394151E-004
   13.774916799391358        2.7622814507439043E-004
   13.791075059566596        2.8742611878062783E-004
   13.807233319741837        2.8732084498229673E-004
   13.823391579917075        2.8292993833128557E-004
   13.839549840092314        2.7305075718125920E-004
   13.855708100267554        2.5525569714606198E-004
   13.871866360442793        2.4031299463885401E-004
   13.888024620618031        2.2818356681147229E-004
   13.904182880793272        2.1482435214251354E-004
   13.920341140968510        2.0913818488292588E-004
   13.936499401143749        1.9716969585581649E-004
   13.952657661318987        1.8490499834983751E-004
   13.968815921494228        1.7651734820481126E-004
   13.984974181669466        1.6674478647726385E-004
   14.001132441844705        1.5509620417281523E-004
   14.017290702019945        1.4193879842756347E-004
   14.033448962195184        1.3243800325883046E-004
   14.049607222370422        1.2427100403902239E-004
   14.065765482545663        1.1856547956536729E-004
   14.081923742720901        1.1259128803404808E-004
   14.098082002896140        1.0646910618501777E-004
   14.114240263071380        1.0215858752661835E-004
   14.130398523246619        9.9871395787702775E-005
   14.146556783421858        9.6774782205114461E-005
   14.162715043597096        9.1982233231121524E-005
   14.178873303772336        8.9881377899513577E-005
   14.195031563947575        8.6772330751162029E-005
   14.211189824122814        8.8347108387267734E-005
   14.227348084298054        8.9785598127537240E-005
   14.243506344473293        9.2479055062169241E-005
   14.259664604648531        9.7738910874149590E-005
   14.275822864823771        1.0285888368136827E-004
   14.291981124999010        1.0928163994632826E-004
   14.308139385174249        1.1571762467806954E-004
   14.324297645349489        1.2253005641782349E-004
   14.340455905524728        1.3084021251215394E-004
   14.356614165699966        1.4139755127576809E-004
   14.372772425875205        1.5751324932183851E-004
   14.388930686050445        1.7260797838038988E-004
   14.405088946225684        1.8898196932676784E-004
   14.421247206400922        1.9545961173998602E-004
   14.437405466576163        2.0442948444209660E-004
   14.453563726751401        2.0811849304247322E-004
   14.469721986926640        2.0814059946443764E-004
   14.485880247101880        2.0728569225780162E-004
   14.502038507277119        2.0171325352939690E-004
   14.518196767452357        1.9450262918800439E-004
   14.534355027627598        1.8541773069331182E-004
   14.550513287802836        1.7714740776281833E-004
   14.566671547978075        1.6792947946909673E-004
   14.582829808153315        1.6286551085861905E-004
   14.598988068328554        1.5696649821811005E-004
   14.615146328503792        1.4703849083496051E-004
   14.631304588679031        1.3512817114953385E-004
   14.647462848854271        1.2329897817076724E-004
   14.663621109029510        1.0923889521676537E-004
   14.679779369204748        9.2190062345173318E-005
   14.695937629379989        7.5837286555881616E-005
   14.712095889555227        6.3195819945863817E-005
   14.728254149730466        5.1211088302996806E-005
   14.744412409905706        4.2942514903947032E-005
   14.760570670080945        3.6158631639879820E-005
   14.776728930256184        3.0405880692782428E-005
   14.792887190431424        2.6262427853086524E-005
   14.809045450606662        2.4125734883478181E-005
   14.825203710781901        2.3519117258752383E-005
   14.841361970957140        2.4353621946702099E-005
   14.857520231132380        2.5589735494737246E-005
   14.873678491307619        2.9348002119178098E-005
   14.889836751482857        3.4020276940699129E-005
   14.905995011658097        3.9723627224079829E-005
   14.922153271833336        4.5675647949951518E-005
   14.938311532008575        5.3378138771918777E-005
   14.954469792183815        6.4381040835868452E-005
   14.970628052359054        7.5336341085482339E-005
   14.986786312534292        8.7937178804517628E-005
   15.002944572709533        1.0336527136993462E-004
   15.019102832884771        1.1687040562900519E-004
   15.035261093060010        1.2756339825329511E-004
   15.051419353235248        1.4260917333822564E-004
   15.067577613410489        1.5386289375877792E-004
   15.083735873585727        1.6285072591464280E-004
   15.099894133760966        1.6832822723693091E-004
   15.116052393936206        1.7535357748962440E-004
   15.132210654111445        1.7975465941867362E-004
   15.148368914286683        1.8550115067683112E-004
   15.164527174461924        1.9148212026086058E-004
   15.180685434637162        1.9726467603336446E-004
   15.196843694812401        2.0433505917323420E-004
   15.213001954987641        2.0741259964446039E-004
   15.229160215162880        2.0808709863382366E-004
   15.245318475338118        2.0686567161944520E-004
   15.261476735513357        2.0087944183627406E-004
   15.277634995688597        1.9656309639027946E-004
   15.293793255863836        1.8678735100690125E-004
   15.309951516039074        1.8011656002931006E-004
   15.326109776214315        1.7287039775874219E-004
   15.342268036389553        1.6857890016712407E-004
   15.358426296564792        1.6631213131856087E-004
   15.374584556740032        1.6325022243056847E-004
   15.390742816915271        1.5567893838495223E-004
   15.406901077090509        1.4633827629616805E-004
   15.423059337265750        1.3694236692922944E-004
   15.439217597440988        1.3056722273035258E-004
   15.455375857616227        1.2420802154258624E-004
   15.471534117791466        1.2010727527174978E-004
   15.487692377966706        1.1598192039700541E-004
   15.503850638141945        1.1650021030444232E-004
   15.520008898317183        1.1810974802782961E-004
   15.536167158492423        1.1791567801027019E-004
   15.552325418667662        1.2075319004875886E-004
   15.568483678842901        1.2524997253747240E-004
   15.584641939018141        1.3325281914090267E-004
   15.600800199193380        1.4363203828730731E-004
   15.616958459368618        1.5905784886158472E-004
   15.633116719543859        1.7236043619501553E-004
   15.649274979719097        1.8812441850859818E-004
   15.665433239894336        2.0122549199640114E-004
   15.681591500069574        2.1150315609128187E-004
   15.697749760244815        2.2029591625600435E-004
   15.713908020420053        2.2260076134304220E-004
   15.730066280595292        2.2687430401420233E-004
   15.746224540770532        2.3200687488953827E-004
   15.762382800945771        2.3155645773794423E-004
   15.778541061121009        2.3462112490597105E-004
   15.794699321296250        2.3957547011024046E-004
   15.810857581471488        2.3704308067820599E-004
   15.827015841646727        2.3279921281337465E-004
   15.843174101821967        2.2188904918898341E-004
   15.859332361997206        2.0835504455570498E-004
   15.875490622172444        1.8824930832683388E-004
   15.891648882347685        1.6728017534010933E-004
   15.907807142522923        1.4513385955722380E-004
   15.923965402698162        1.2650238286127593E-004
   15.940123662873400        1.0954528086618905E-004
   15.956281923048641        9.5209080826016523E-005
   15.972440183223879        8.6098393623258542E-005
   15.988598443399118        8.0397721752811362E-005
   16.004756703574358        7.5699785232566938E-005
   16.020914963749597        7.7333573185184998E-005
   16.037073223924835        8.2294336808085201E-005
   16.053231484100074        8.8546495101875231E-005
   16.069389744275313        9.6539375554177754E-005
   16.085548004450555        1.0580622711357782E-004
   16.101706264625793        1.1261057127696612E-004
   16.117864524801032        1.1931090044843017E-004
   16.134022784976271        1.2294340869074746E-004
   16.150181045151509        1.2594658852760614E-004
