  0.100000000000000        243.238281542532       1.250972990514730E-002
  0.200000000000000        275.529732196448       2.362242107182144E-002
  0.300000000000000        279.991204131542       3.423255157037667E-002
  0.400000000000000        254.788641541762       4.455670449769811E-002
  0.500000000000000        229.600038808470       5.320849918165369E-002
  0.600000000000000        255.169037723601       6.252545347009407E-002
  0.700000000000000        301.646503076675       7.257352241380390E-002
  0.800000000000000        280.032994907541       7.863807870236289E-002
  0.900000000000000        258.754854235805       9.132081723858472E-002
   1.00000000000000        303.056983992337       0.102145503104185     
   1.10000000000000        269.414923863163       0.110643189056941     
   1.20000000000000        278.769629769236       0.117107887820611     
   1.30000000000000        266.965326660757       0.121017045204787     
   1.40000000000000        237.056736957132       0.127934687946619     
   1.50000000000000        284.853235336512       0.135271941078863     
   1.60000000000000        260.291741868237       0.140569166995579     
   1.70000000000000        250.548829194449       0.156972701079556     
   1.80000000000000        257.646921980203       0.164179754609233     
   1.90000000000000        251.540765616434       0.174874566651771     
   2.00000000000000        249.820731021692       0.182270819727659     
   2.10000000000000        292.497788951245       0.191616528059817     
   2.20000000000000        279.541495235234       0.195629000678686     
   2.30000000000000        191.735738305171       0.207597685748787     
   2.40000000000000        223.435979052702       0.216108976444849     
   2.50000000000000        227.300376188763       0.227855579046869     
   2.60000000000000        274.011193716997       0.241524482728039     
   2.70000000000000        242.205165179610       0.251676661742933     
   2.80000000000000        232.411120502463       0.265220485657746     
   2.90000000000000        304.203187294577       0.279229122550122     
   3.00000000000000        267.693099221691       0.282618879181057     
   3.10000000000000        235.921264683015       0.290397595065878     
   3.20000000000000        253.969454812143       0.297952423782497     
   3.30000000000000        318.503607862941       0.306394176377468     
   3.40000000000000        267.550727221554       0.316188392749676     
   3.50000000000000        235.567594297143       0.326378915714231     
   3.60000000000000        294.894244892178       0.344880166624058     
   3.70000000000000        272.635110802913       0.359204279048317     
   3.80000000000000        274.514876152070       0.374300682002682     
   3.90000000000000        230.845601600374       0.396414744502530     
   4.00000000000000        281.153025011194       0.401387481587835     
   4.10000000000000        295.343406496726       0.408741595923452     
   4.20000000000000        303.193032759839       0.418429606053720     
   4.30000000000000        307.048689322004       0.431403670853042     
   4.40000000000000        352.280523499602       0.451067485598850     
   4.50000000000000        281.332142141278       0.461375148082949     
   4.60000000000000        247.607515731878       0.485823338834698     
   4.70000000000000        253.490125210262       0.487526777010466     
   4.80000000000000        280.405762617464       0.492914975979563     
   4.90000000000000        244.355260561637       0.504275839975752     
   5.00000000000000        243.298794093795       0.500950407820298     
   5.10000000000000        264.207059375587       0.503158618546437     
   5.20000000000000        242.307189569076       0.527025937058754     
   5.30000000000000        221.422863966492       0.546575636086076     
   5.40000000000000        288.137075704381       0.550477013098991     
   5.50000000000000        247.476156240764       0.561199510546977     
   5.60000000000000        246.370250555115       0.573202786440154     
   5.70000000000000        239.791113666187       0.593967365182987     
   5.80000000000000        240.838741303278       0.601336839849577     
   5.90000000000000        247.238392493502       0.605934736776902     
   6.00000000000000        246.692268594951       0.616651926944079     
   6.10000000000000        256.932129323147       0.624436581142709     
   6.20000000000000        255.886406836507       0.626254791359187     
   6.30000000000000        224.341938025247       0.630749275063483     
   6.40000000000000        270.598497980809       0.648607345710921     
   6.50000000000000        247.677855777137       0.654344661863251     
   6.60000000000000        285.319015964616       0.664378187596065     
   6.70000000000000        243.689512213381       0.673236305274491     
   6.80000000000000        212.730943508559       0.704425455654212     
   6.90000000000000        276.343313942562       0.722011821215238     
   7.00000000000000        241.347826246515       0.728801353138690     
   7.10000000000000        271.101695945488       0.752784329037304     
   7.20000000000000        236.328078466314       0.769163734487511     
   7.30000000000000        274.808840705861       0.778908329523025     
   7.40000000000000        321.771255503934       0.784618008804226     
   7.50000000000000        216.293646707177       0.795255349321977     
   7.60000000000000        264.996566218364       0.803351981288198     
   7.70000000000000        260.368630651812       0.808936889554025     
   7.80000000000000        283.075419525672       0.797849020294634     
   7.90000000000000        257.927293628115       0.797316836279671     
   8.00000000000000        296.588779917101       0.791601082455318     
   8.10000000000000        263.126038669856       0.797651194463493     
   8.20000000000000        268.190187604416       0.815419153782430     
   8.30000000000000        282.484958273999       0.829079781482403     
   8.40000000000000        237.449091876800       0.828670307274856     
   8.50000000000000        274.563394927769       0.855709360018676     
   8.60000000000000        229.940401629417       0.867571816365651     
   8.70000000000000        249.252723693918       0.874829721041552     
   8.80000000000000        219.178788581782       0.881946786301833     
   8.90000000000000        270.448636639575       0.895743561429467     
   9.00000000000000        276.874939198682       0.907669662226066     
   9.10000000000000        260.636380251132       0.905002035455217     
   9.20000000000000        250.925840536359       0.920037437368331     
   9.30000000000000        302.156257942690       0.929009619446368     
   9.40000000000000        258.006019722317       0.929031688052652     
   9.50000000000000        287.621027906937       0.939500116122906     
   9.60000000000000        324.997772244179       0.955952957376443     
   9.70000000000000        338.804781676642       0.970951517959040     
   9.80000000000000        270.585829459121       0.978305871315211     
   9.90000000000000        270.634494200073        1.00481435048726     
   10.0000000000000        242.074413020893        1.02709993894282     
   10.1000000000000        274.429910335439        1.02769515908785     
   10.2000000000000        252.413298806635        1.02998004967376     
   10.3000000000000        271.284161662150        1.03633244664455     
   10.4000000000000        293.845454799840        1.03207310669570     
   10.5000000000000        244.125786621417        1.04603574827233     
   10.6000000000000        278.024159342227        1.05838324112764     
   10.7000000000000        235.139949340960        1.06415170227570     
   10.8000000000000        240.841452922898        1.06261827644859     
   10.9000000000000        280.638072042963        1.06833518903016     
   11.0000000000000        253.329378756061        1.07450784658578     
   11.1000000000000        280.499512956731        1.07320930311507     
   11.2000000000000        203.507189076068        1.08749453817702     
   11.3000000000000        268.568129831460        1.09786204522958     
   11.4000000000000        249.725634356365        1.09713401037647     
   11.5000000000000        266.787632705782        1.11210802751754     
   11.6000000000000        217.055030745004        1.11312602280096     
   11.7000000000000        241.092233138358        1.10897623642315     
   11.8000000000000        232.040041108012        1.11162296180315     
   11.9000000000000        247.789638519946        1.14048660556652     
   12.0000000000000        255.819436495195        1.15301431739310     
   12.1000000000000        227.534243138046        1.16495280251456     
   12.2000000000000        263.682017095784        1.19390783306962     
   12.3000000000000        281.675702873074        1.20997444648530     
   12.4000000000000        218.931259831536        1.23289017426380     
   12.5000000000000        212.880382275120        1.23761149210960     
   12.6000000000000        285.405513533035        1.25172345999528     
   12.7000000000000        225.897151850881        1.26314286571788     
   12.8000000000000        260.973694797433        1.28807703462975     
   12.9000000000000        288.745442724103        1.30712305153225     
   13.0000000000000        250.701502382680        1.32037452973874     
   13.1000000000000        256.755693498758        1.34092440734200     
   13.2000000000000        256.280556303751        1.33879799411753     
   13.3000000000000        200.644377596066        1.35480349573691     
   13.4000000000000        270.404094239030        1.37789963511487     
   13.5000000000000        265.146222146187        1.37989679625260     
   13.6000000000000        248.403479551713        1.39021233205735     
   13.7000000000000        268.000600887662        1.40130049844241     
   13.8000000000000        299.914768123323        1.42636933578373     
   13.9000000000000        291.301826650792        1.42239104803781     
   14.0000000000000        312.527474669710        1.42588336020534     
   14.1000000000000        285.354109358817        1.43402382591998     
   14.2000000000000        243.305094185639        1.42486635269685     
   14.3000000000000        283.909437283160        1.42534031664521     
   14.4000000000000        232.543680827580        1.43219747629161     
   14.5000000000000        274.439713100900        1.42463621433701     
   14.6000000000000        268.175850602714        1.44223728060727     
   14.7000000000000        253.366519445161        1.45362846264704     
   14.8000000000000        285.589385011814        1.45676377226012     
   14.9000000000000        278.577003757032        1.47066885278520     
   15.0000000000000        255.087916644286        1.47301889234992     
   15.1000000000000        271.804993799601        1.48381008042146     
   15.2000000000000        226.534694728252        1.47847416496270     
   15.3000000000000        252.918729273196        1.49923753071419     
   15.4000000000000        302.742036669208        1.50645874239805     
   15.5000000000000        271.438670803895        1.53229836053469     
   15.6000000000000        273.874727451889        1.54691084992502     
   15.7000000000000        232.161635349371        1.57278096616398     
   15.8000000000000        289.335883776526        1.57056234261581     
   15.9000000000000        263.313871546321        1.56891069492013     
   16.0000000000000        235.447749674440        1.57501032173537     
   16.1000000000000        220.383473678315        1.58515183611898     
   16.2000000000000        253.121484944678        1.57618811963356     
   16.3000000000000        219.372482751751        1.57823166313740     
   16.4000000000000        274.253705857248        1.58912577550596     
   16.5000000000000        223.074279403416        1.58564739625137     
   16.6000000000000        281.383350593441        1.59241277304724     
   16.7000000000000        234.530847264451        1.60958546769603     
   16.8000000000000        193.126952491263        1.63586702546208     
   16.9000000000000        294.320931058604        1.65889430559646     
   17.0000000000000        285.525217504021        1.67497454449676     
   17.1000000000000        263.315385679653        1.68034513638341     
   17.2000000000000        281.988182399572        1.67797633676677     
   17.3000000000000        253.735651748254        1.67616297008299     
   17.4000000000000        262.189684444893        1.68195835081516     
   17.5000000000000        323.119018017941        1.67108808606765     
   17.6000000000000        254.475594268300        1.67408363697648     
   17.7000000000000        265.288488130210        1.68415102925660     
   17.8000000000000        238.055812412494        1.66915506401978     
   17.9000000000000        284.113512962832        1.67855524050921     
   18.0000000000000        333.697875972426        1.69250651555612     
   18.1000000000000        230.105509708139        1.70940455639843     
   18.2000000000000        324.379919128737        1.71553445950551     
   18.3000000000000        281.716635433633        1.70575553024035     
   18.4000000000000        240.155503073911        1.71798127396961     
   18.5000000000000        262.810147070010        1.72558883775044     
   18.6000000000000        259.715943381402        1.74963810896789     
   18.7000000000000        251.983678868775        1.76282405180126     
   18.8000000000000        253.499078834183        1.74710425933348     
   18.9000000000000        248.413775607511        1.76666120086618     
   19.0000000000000        298.799869313892        1.75655131527958     
   19.1000000000000        253.548157441230        1.76128442873753     
   19.2000000000000        248.869618214974        1.75534120666400     
   19.3000000000000        285.871093827875        1.75367613349493     
   19.4000000000000        290.042770279839        1.77012267197155     
   19.5000000000000        266.968015584242        1.76983235771305     
   19.6000000000000        271.252208903648        1.77251994918739     
   19.7000000000000        286.196163905553        1.78076241058614     
   19.8000000000000        307.865645227225        1.77194724987229     
   19.9000000000000        264.627845778129        1.78060509087373     
   20.0000000000000        246.564544589968        1.79954808217728     
   20.1000000000000        208.464442479236        1.82068796841614     
   20.2000000000000        275.775151422987        1.81320111291097     
   20.3000000000000        261.051435128333        1.83170500603909     
   20.4000000000000        290.721572811162        1.86153416835864     
   20.5000000000000        225.259649801774        1.85575135809041     
   20.6000000000000        279.436228404614        1.86438845399642     
   20.7000000000000        237.762989083058        1.89638657983540     
   20.8000000000000        247.696038637752        1.88603248983730     
   20.9000000000000        264.605285336687        1.89740068336941     
   21.0000000000000        277.498423268052        1.88829327305136     
   21.1000000000000        305.865510266555        1.90614776707642     
   21.2000000000000        269.066096823082        1.91467634451338     
   21.3000000000000        229.905816644925        1.92456710449489     
   21.4000000000000        284.089413982536        1.91951528085400     
   21.5000000000000        310.922323083874        1.95155112955882     
   21.6000000000000        278.083538440996        1.95094961238550     
   21.7000000000000        243.410628103439        1.96501822017712     
   21.8000000000000        245.753570628248        1.97536751057848     
   21.9000000000000        301.050884337848        1.98758718898226     
   22.0000000000000        265.822700584902        2.01946755260873     
   22.1000000000000        252.720597802387        2.00986418722632     
   22.2000000000000        266.449871521801        2.02742751232898     
   22.3000000000000        252.356448801002        2.03085661622912     
   22.4000000000000        293.610658897372        2.02575305007456     
   22.5000000000000        303.906563905988        2.03828316522387     
   22.6000000000000        255.467443021425        2.05534590279748     
   22.7000000000000        258.459729980497        2.08777523329221     
   22.8000000000000        230.828036054896        2.06738763191254     
   22.9000000000000        237.873572472351        2.06954279290238     
   23.0000000000000        230.556729466318        2.09124299233710     
   23.1000000000000        314.224187175046        2.10768542268649     
   23.2000000000000        282.119777137971        2.13723721837889     
   23.3000000000000        254.089658954107        2.13803958936450     
   23.4000000000000        302.055119024651        2.16006854736130     
   23.5000000000000        240.647573464577        2.15657743112663     
   23.6000000000000        248.304689982811        2.14525389292439     
   23.7000000000000        262.058563849465        2.16000026418806     
   23.8000000000000        224.086583645691        2.15513238660993     
   23.9000000000000        270.706044829960        2.16636091662168     
   24.0000000000000        213.237599079098        2.20185603769199     
   24.1000000000000        284.948829888719        2.19461895759511     
   24.2000000000000        291.274051905798        2.17822824321584     
   24.3000000000000        255.152975694471        2.19461698591668     
   24.4000000000000        281.214080932859        2.22838641946571     
   24.5000000000000        271.473577649364        2.23493573170810     
   24.6000000000000        290.184966119610        2.25752485646570     
   24.7000000000000        266.579147834971        2.27656332251394     
   24.8000000000000        280.209383281623        2.30096224279709     
   24.9000000000000        270.127492322773        2.31096081066195     
   25.0000000000000        281.912509565329        2.33269035272073     
   25.1000000000000        268.722527405734        2.32227927005012     
   25.2000000000000        275.964258066677        2.34245347164559     
   25.3000000000000        247.222610371792        2.38563588984814     
   25.4000000000000        260.301775356881        2.38147810685258     
   25.5000000000000        243.575919921443        2.38211427347502     
   25.6000000000000        276.710231069591        2.36811429628607     
   25.7000000000000        260.039842218742        2.38105995771799     
   25.8000000000000        272.051086887771        2.37258449215713     
   25.9000000000000        289.627220291794        2.37477131210021     
   26.0000000000000        282.234594785465        2.39977473785247     
   26.1000000000000        263.695422739676        2.40340859269322     
   26.2000000000000        258.748259923422        2.43375481497484     
   26.3000000000000        259.919842172377        2.46133617120731     
   26.4000000000000        252.976024630996        2.48100418761369     
   26.5000000000000        298.851803025560        2.48391307357295     
   26.6000000000000        292.150416128103        2.51292885562918     
   26.7000000000000        273.396310035150        2.51183040856786     
   26.8000000000000        249.264207791994        2.52339362400092     
   26.9000000000000        245.428720897824        2.56589063511464     
   27.0000000000000        250.403368614520        2.56337437060497     
   27.1000000000000        264.077628848937        2.56433225395510     
   27.2000000000000        248.064097478308        2.53201268960186     
   27.3000000000000        287.741706817016        2.52912013300539     
   27.4000000000000        270.930575225694        2.55473121750622     
   27.5000000000000        298.701939628147        2.60096211722929     
   27.6000000000000        286.724476371657        2.58781809314451     
   27.7000000000000        276.837529110447        2.62341161557448     
   27.8000000000000        241.567237753610        2.63248100143996     
   27.9000000000000        248.607124505931        2.62830710764091     
   28.0000000000000        259.214601221384        2.62577555298039     
   28.1000000000000        277.017172758204        2.65241880533358     
   28.2000000000000        284.521989873042        2.64834800938625     
   28.3000000000000        289.848426394258        2.68037360542720     
   28.4000000000000        266.463547688827        2.70878710859537     
   28.5000000000000        246.833969235543        2.73107610322506     
   28.6000000000000        261.091747818960        2.72024854392428     
   28.7000000000000        273.675323905857        2.77965490774773     
   28.8000000000000        228.268887323165        2.79723370338333     
   28.9000000000000        275.454035021678        2.82394463862493     
   29.0000000000000        302.054229302801        2.85061388291256     
   29.1000000000000        259.276168989376        2.85855526884440     
   29.2000000000000        292.913179090454        2.87974204900131     
   29.3000000000000        279.196784441282        2.86288826922809     
   29.4000000000000        251.854311518903        2.90150587135959     
   29.5000000000000        310.388408443881        2.90540172107192     
   29.6000000000000        271.343620179150        2.92628924486778     
   29.7000000000000        292.607842989649        2.94540601726353     
   29.8000000000000        238.738538898505        2.96393288013425     
   29.9000000000000        274.755492643788        2.97374140306449     
   30.0000000000000        250.789681413542        2.96867482208088     
   30.1000000000000        270.848250523542        2.99410691375297     
   30.2000000000000        228.599167940989        3.03786767907526     
   30.3000000000000        258.967914360808        3.06807913255191     
   30.4000000000000        270.096562616792        3.09284126969421     
   30.5000000000000        270.824344806573        3.14896011661085     
   30.6000000000000        285.413751577152        3.15649298503612     
   30.7000000000000        320.202632034355        3.16225900485288     
   30.8000000000000        270.876004246956        3.16325893305280     
   30.9000000000000        299.996892865156        3.16494246069999     
   31.0000000000000        254.248245409615        3.18548337119171     
   31.1000000000000        249.301991936849        3.19609602179404     
   31.2000000000000        252.031973462008        3.21774487945882     
   31.3000000000000        261.493446646130        3.22467700396310     
   31.4000000000000        290.224585336392        3.22848137148297     
   31.5000000000000        272.154689255935        3.26305203797505     
   31.6000000000000        292.724531946517        3.25887647659993     
   31.7000000000000        253.754179687322        3.28263768532611     
   31.8000000000000        201.437032390580        3.27080262884677     
   31.9000000000000        265.981907422569        3.31669262264430     
   32.0000000000000        266.395932366914        3.32794887012110     
   32.1000000000000        280.629993913201        3.31156102919202     
   32.2000000000000        272.198561879380        3.33636585281733     
   32.3000000000000        237.125229415463        3.32689151169808     
   32.4000000000000        252.711621964124        3.29403240321115     
   32.5000000000000        280.340389735459        3.29129158274056     
   32.6000000000000        288.608635884573        3.31354736269188     
   32.7000000000000        290.519381561213        3.33897452225075     
   32.8000000000000        290.330066909774        3.37536126658492     
   32.9000000000000        199.291499670403        3.42830156974427     
   33.0000000000000        240.302117738064        3.45158899527514     
   33.1000000000000        300.266486789229        3.46823350310096     
   33.2000000000000        301.143970400625        3.43243774575999     
   33.3000000000000        339.204059933143        3.47026088976572     
   33.4000000000000        292.511074328339        3.47353844826950     
   33.5000000000000        232.228506480440        3.47720091750956     
   33.6000000000000        258.514824104760        3.48375680755293     
   33.7000000000000        264.499505874960        3.51384464287173     
   33.8000000000000        287.831342611114        3.50522912876668     
   33.9000000000000        262.139204181900        3.52547870016481     
   34.0000000000000        311.694011425604        3.52023216732920     
   34.1000000000000        249.961559023423        3.54171789742085     
   34.2000000000000        246.055094372770        3.57101750520166     
   34.3000000000000        240.948651424803        3.58483767452196     
   34.4000000000000        298.570347001836        3.59824705178058     
   34.5000000000000        336.542422616532        3.61554388205579     
   34.6000000000000        307.570873126118        3.63922140192602     
   34.7000000000000        264.147338622913        3.62703294127272     
   34.8000000000000        285.794740441530        3.63814392819443     
   34.9000000000000        246.236889758720        3.67108319885455     
   35.0000000000000        265.376096013163        3.65052212140321     
   35.1000000000000        255.506181876018        3.65487266092093     
   35.2000000000000        248.854252638348        3.65678772813977     
   35.3000000000000        275.392365256278        3.67956321677275     
   35.4000000000000        272.824779320814        3.70631109613053     
   35.5000000000000        283.951113459138        3.71341393069108     
   35.6000000000000        257.468774373207        3.70196144317756     
   35.7000000000000        271.501633600505        3.70218253092654     
   35.8000000000000        266.593394248189        3.74907569145864     
   35.9000000000000        223.162294068815        3.75510377641601     
   36.0000000000000        294.730173926367        3.75425210360153     
   36.1000000000000        305.864439998927        3.74637271417825     
   36.2000000000000        313.634653186087        3.75048726254123     
   36.3000000000000        263.098073940517        3.76647959275238     
   36.4000000000000        268.781962796092        3.78628242335813     
   36.5000000000000        274.449479636546        3.81016129838522     
   36.6000000000000        275.510802811392        3.83752313672046     
   36.7000000000000        304.520047300044        3.84104322791971     
   36.8000000000000        235.022176698787        3.86005649473599     
   36.9000000000000        299.129290266447        3.87899369150135     
   37.0000000000000        286.274474507566        3.85065748420127     
   37.1000000000000        267.055703505517        3.85298724048982     
   37.2000000000000        241.741518236727        3.87880037159795     
   37.3000000000000        254.696653502539        3.87593845686084     
   37.4000000000000        286.850150221972        3.86382912958470     
   37.5000000000000        263.687521947837        3.86476014519681     
   37.6000000000000        285.802128105156        3.86660558384358     
   37.7000000000000        249.362529744795        3.88888410576268     
   37.8000000000000        269.491880249107        3.94062774687393     
   37.9000000000000        290.827710661332        3.92158491529602     
   38.0000000000000        279.973079041664        3.93243361269040     
   38.1000000000000        270.952438704473        3.92177661288643     
   38.2000000000000        237.698348125857        3.93785754444845     
   38.3000000000000        225.561828868903        3.96999495756718     
   38.4000000000000        310.046720936020        3.97993126534845     
   38.5000000000000        259.602120931566        4.00629351890921     
   38.6000000000000        289.893469777090        4.02009531495363     
   38.7000000000000        283.392767410277        4.01993443825899     
   38.8000000000000        257.867312156114        4.03374324776894     
   38.9000000000000        274.935358712259        4.04840382648561     
   39.0000000000000        243.943361228735        4.09632623714828     
   39.1000000000000        264.580082259924        4.11201215642196     
   39.2000000000000        284.419911478519        4.17634474470070     
   39.3000000000000        270.631116364195        4.14850598437757     
   39.4000000000000        248.668468832236        4.16111994571462     
   39.5000000000000        281.756719732796        4.17485607908285     
   39.6000000000000        298.459487264479        4.19603244122439     
   39.7000000000000        285.123322660141        4.26548552659217     
   39.8000000000000        268.008155042771        4.25709261401409     
   39.9000000000000        295.990697354378        4.28096237958773     
   40.0000000000000        266.514562785401        4.26702774691234     
   40.1000000000000        282.482052359759        4.28783642970999     
   40.2000000000000        282.200435497468        4.31058287048640     
   40.3000000000000        228.207485364707        4.34517168129898     
   40.4000000000000        321.037230950592        4.34970666485341     
   40.5000000000000        301.658467591327        4.37278389343698     
   40.6000000000000        302.758728776003        4.39808210850206     
   40.7000000000000        314.700914976643        4.42600535534681     
   40.8000000000000        235.681109739828        4.46088377700350     
   40.9000000000000        245.968421539207        4.45659538602249     
   41.0000000000000        277.652196900028        4.47721901940765     
   41.1000000000000        311.895799132876        4.50021343929838     
   41.2000000000000        290.921644814108        4.52195573539662     
   41.3000000000000        324.433554886837        4.57333860975150     
   41.4000000000000        245.668597172486        4.60001820926688     
   41.5000000000000        330.796849933276        4.63100727068567     
   41.6000000000000        243.099555089387        4.64414747346644     
   41.7000000000000        245.766535759465        4.65897290339770     
   41.8000000000000        282.311655283408        4.67096490667375     
   41.9000000000000        277.149352448264        4.64268286885482     
   42.0000000000000        224.832602687980        4.65050743512766     
   42.1000000000000        292.416427308815        4.69611659616881     
   42.2000000000000        237.156258506795        4.74241314639404     
   42.3000000000000        287.350396498902        4.73633438708826     
   42.4000000000000        212.673187914947        4.72542892022960     
   42.5000000000000        267.074169470706        4.75410613488804     
   42.6000000000000        269.923361210368        4.76243976443069     
   42.7000000000000        270.416174648368        4.80205932707659     
   42.8000000000000        261.762673115694        4.82032595020003     
   42.9000000000000        246.416409150724        4.81534751719551     
   43.0000000000000        236.448861726962        4.85457763280772     
   43.1000000000000        228.940801737764        4.85956669046676     
   43.2000000000000        234.309893994311        4.87495749110796     
   43.3000000000000        269.825357092395        4.86501486910501     
   43.4000000000000        273.182155826394        4.84147674074135     
   43.5000000000000        299.796138348264        4.85402803350509     
   43.6000000000000        261.310709934403        4.85141508680423     
   43.7000000000000        289.402653837623        4.88713465165695     
   43.8000000000000        284.256844257462        4.86373283893597     
   43.9000000000000        251.158658154007        4.87292260963654     
   44.0000000000000        284.724499663468        4.87784732539619     
   44.1000000000000        301.038406553163        4.90088578803147     
   44.2000000000000        324.048789369773        4.90115157197256     
   44.3000000000000        232.557395292591        4.92971857462145     
   44.4000000000000        273.326885494039        4.92232986795151     
   44.5000000000000        284.996178835667        4.93726254235381     
   44.6000000000000        288.403000893754        4.97523076684013     
   44.7000000000000        207.571676816849        4.99856317713137     
   44.8000000000000        255.968374427235        4.97975066635789     
   44.9000000000000        261.251688986077        4.99832777362821     
   45.0000000000000        265.747574017465        5.00086677318844     
   45.1000000000000        319.902114806965        5.04804609159779     
   45.2000000000000        262.284664369455        5.06510602638456     
   45.3000000000000        285.819146329041        5.06093890980692     
   45.4000000000000        242.528409839619        5.09073343144713     
   45.5000000000000        223.360084127803        5.09403251547525     
   45.6000000000000        227.183891441254        5.15300951285581     
   45.7000000000000        297.781929826405        5.14309177644830     
   45.8000000000000        264.843913624554        5.14357572702705     
   45.9000000000000        259.904378139042        5.12533367545494     
   46.0000000000000        272.354943816906        5.10598869169412     
   46.1000000000000        258.258055524313        5.07052707457886     
   46.2000000000000        312.641378799380        5.06895205458854     
   46.3000000000000        289.942731846491        5.05514354026445     
   46.4000000000000        251.945558913854        5.08373038501223     
   46.5000000000000        261.971700595045        5.12733528889808     
   46.6000000000000        284.531136233407        5.18153302041278     
   46.7000000000000        271.824110845069        5.20146424059292     
   46.8000000000000        259.980506902877        5.18880893515757     
   46.9000000000000        239.894671467814        5.21482863766523     
   47.0000000000000        293.640940520284        5.20108375350816     
   47.1000000000000        297.593077766434        5.24597939459895     
   47.2000000000000        308.046904384331        5.24137438246144     
   47.3000000000000        233.761714955726        5.27220969878562     
   47.4000000000000        249.197031955764        5.27940315666699     
   47.5000000000000        262.086743889922        5.30868377917298     
   47.6000000000000        258.720588736916        5.32381206234027     
   47.7000000000000        247.846119386353        5.31873568843187     
   47.8000000000000        263.224737856244        5.32767922493150     
   47.9000000000000        251.780230927325        5.35428043685875     
   48.0000000000000        262.738520394321        5.40633063994735     
   48.1000000000000        246.121719214826        5.43307146530231     
   48.2000000000000        274.697252532530        5.41772342904602     
   48.3000000000000        331.889642623731        5.41192279948708     
   48.4000000000000        254.927825890441        5.41476817804755     
   48.5000000000000        297.614715509384        5.40209326951983     
   48.6000000000000        230.715918676032        5.42872679504857     
   48.7000000000000        288.103465817897        5.42920270147315     
   48.8000000000000        372.424672241823        5.47768431845726     
   48.9000000000000        261.383967648562        5.51217095193626     
   49.0000000000000        249.525787035167        5.48355063370194     
   49.1000000000000        289.743738106053        5.48755323239627     
   49.2000000000000        252.517796030031        5.50095013624873     
   49.3000000000000        243.946351470287        5.55156122226856     
   49.4000000000000        223.587473105973        5.58595680619129     
   49.5000000000000        247.097806931570        5.59276969773413     
   49.6000000000000        262.788706297056        5.59280592316127     
   49.7000000000000        277.500740595204        5.56914902733808     
   49.8000000000000        308.788664326428        5.56753779245458     
   49.9000000000000        238.184562258008        5.54156074391855     
   50.0000000000000        269.963500934232        5.52896813552026     
   50.1000000000000        251.461544730598        5.50545000241586     
   50.2000000000000        277.307487248806        5.51311889138668     
   50.3000000000000        294.252615662478        5.49881503571135     
   50.4000000000000        239.370269373984        5.51804921444591     
   50.5000000000000        287.855320648253        5.49443763950105     
   50.6000000000000        278.047076115970        5.46732706414763     
   50.7000000000000        261.774425705067        5.51376199322460     
   50.8000000000000        301.080871807133        5.52889836867948     
   50.9000000000000        289.530663457067        5.54087494073154     
   51.0000000000000        280.684566832353        5.52024365848929     
   51.1000000000000        259.069670892224        5.58063409638784     
   51.2000000000000        263.108989676163        5.60064028801004     
   51.3000000000000        261.678851961895        5.58509144973344     
   51.4000000000000        262.161044206734        5.64367686221712     
   51.5000000000000        240.927723313328        5.67500653115049     
   51.6000000000000        238.335855833750        5.67713767824048     
   51.7000000000000        242.248927151454        5.70450388288225     
   51.8000000000000        286.355497061229        5.71197884346109     
   51.9000000000000        255.641941690472        5.67464680950391     
   52.0000000000000        241.646109905651        5.66338808891199     
   52.1000000000000        226.829790532761        5.70338839538350     
   52.2000000000000        265.405683784427        5.68764909285477     
   52.3000000000000        309.508044778155        5.67473330733381     
   52.4000000000000        256.015652769701        5.67784920120938     
   52.5000000000000        280.740955887344        5.67024933835913     
   52.6000000000000        244.260467077936        5.65181740215001     
   52.7000000000000        277.820869887699        5.66437841281759     
   52.8000000000000        323.525181159104        5.70794075011352     
   52.9000000000000        263.125277047543        5.72533311418254     
   53.0000000000000        229.902955267322        5.74974265404424     
   53.1000000000000        221.432407383721        5.72945728259262     
   53.2000000000000        302.497403434160        5.71382895212291     
   53.3000000000000        337.514815428784        5.68066950957850     
   53.4000000000000        205.219357418379        5.67824125570520     
   53.5000000000000        244.423267933217        5.70966712761246     
   53.6000000000000        225.807746316561        5.69820223032938     
   53.7000000000000        216.191093710095        5.71433166035989     
   53.8000000000000        297.049149807846        5.74375369977233     
   53.9000000000000        255.733615568441        5.76673246361905     
   54.0000000000000        256.195901962921        5.78532533314927     
   54.1000000000000        301.586961708251        5.80944435708408     
   54.2000000000000        243.132490055215        5.77760535833828     
   54.3000000000000        258.146371204747        5.78930641419112     
   54.4000000000000        305.664538560943        5.80745151600579     
   54.5000000000000        280.945600664167        5.80101050680461     
   54.6000000000000        271.650005428840        5.83891931669786     
   54.7000000000000        263.670504504879        5.88110897259825     
   54.8000000000000        305.062924742186        5.87827212553536     
   54.9000000000000        262.323511334688        5.88981784668642     
   55.0000000000000        310.438904856565        5.86499860977021     
   55.1000000000000        285.939935462655        5.84357557838125     
   55.2000000000000        250.004549756643        5.82845032081894     
   55.3000000000000        284.575575210759        5.86111103284494     
   55.4000000000000        324.617691378648        5.84459103966301     
   55.5000000000000        281.126044069508        5.87634358079087     
   55.6000000000000        233.627986192643        5.84829168362623     
   55.7000000000000        263.701479016347        5.83747835276925     
   55.8000000000000        273.424501606693        5.91388128100016     
   55.9000000000000        258.011216856228        5.93776734950850     
   56.0000000000000        284.625503118673        5.95521058910763     
   56.1000000000000        264.403715565001        5.94734667263141     
   56.2000000000000        262.219500277302        5.99145639944793     
   56.3000000000000        310.525766128957        5.99495499349851     
   56.4000000000000        297.593488779921        5.96698204342346     
   56.5000000000000        280.282107766681        5.92883050920843     
   56.6000000000000        233.434235907477        5.92208967117418     
   56.7000000000000        267.720035650680        5.95201484278152     
   56.8000000000000        326.539949455869        5.97217971256990     
   56.9000000000000        273.710095758898        5.99406642442339     
   57.0000000000000        282.516573440648        6.02607757643105     
   57.1000000000000        265.006084348010        6.02537674314781     
   57.2000000000000        253.324249818140        6.04995416823552     
   57.3000000000000        242.393113247369        6.06203915337168     
   57.4000000000000        269.903827653680        6.10085597735538     
   57.5000000000000        270.026677168546        6.10538414573618     
   57.6000000000000        295.506822345331        6.11641975033521     
   57.7000000000000        272.210545614422        6.14159081691129     
   57.8000000000000        263.969958638281        6.20015693072308     
   57.9000000000000        260.496660303041        6.22068482321369     
   58.0000000000000        265.179392373851        6.23520350456070     
   58.1000000000000        271.649547535636        6.30346376257380     
   58.2000000000000        225.221592340239        6.32555797026077     
   58.3000000000000        273.150797977846        6.32674090751277     
   58.4000000000000        232.550164350355        6.35417173513097     
   58.5000000000000        290.823036856041        6.39200713732016     
   58.6000000000000        263.320956034712        6.43422429247407     
   58.7000000000000        192.589057826875        6.44128314831331     
   58.8000000000000        236.151411358954        6.48430002216667     
   58.9000000000000        236.262541854944        6.49816906016435     
   59.0000000000000        274.695796804600        6.51104277175806     
   59.1000000000000        230.833105143840        6.56006684883927     
   59.2000000000000        225.583050247877        6.54847951171063     
   59.3000000000000        280.754350532589        6.56845639955333     
   59.4000000000000        268.067083461342        6.56810296778946     
   59.5000000000000        259.983483052520        6.60021134870612     
   59.6000000000000        281.078890681862        6.64939296045384     
   59.7000000000000        292.023340030721        6.65127056857528     
   59.8000000000000        276.030687142156        6.66704795937100     
   59.9000000000000        247.292309005142        6.64187276846355     
   60.0000000000000        283.929272573866        6.62536024076513     
   60.1000000000000        230.503958135304        6.63306007697583     
   60.2000000000000        240.413785019655        6.65804865401052     
   60.3000000000000        354.251998800147        6.64194797213869     
   60.4000000000000        268.541398835209        6.59619512378219     
   60.5000000000000        259.563371104638        6.57754559321673     
   60.6000000000000        254.093751674432        6.57631786067530     
   60.7000000000000        244.988535951242        6.52541115816348     
   60.8000000000000        334.126970758847        6.51700789870849     
   60.9000000000000        215.277141449629        6.49469882526905     
   61.0000000000000        310.953812291210        6.48160475925774     
   61.1000000000000        270.299695688098        6.49314959347782     
   61.2000000000000        271.692314995548        6.48530919497414     
   61.3000000000000        264.233319732877        6.47764474237548     
   61.4000000000000        267.210444267767        6.49364064899908     
   61.5000000000000        269.911310767251        6.53312242640336     
   61.6000000000000        314.479904634781        6.53538403973247     
   61.7000000000000        272.152147990650        6.54365114277657     
   61.8000000000000        280.173364304374        6.55886695505403     
   61.9000000000000        217.863508675844        6.55033373814367     
   62.0000000000000        294.738263258055        6.54139572338553     
   62.1000000000000        274.885874762822        6.56466844935272     
   62.2000000000000        276.828438486285        6.62038145892386     
   62.3000000000000        253.174777700275        6.61927804330478     
   62.4000000000000        279.260978525749        6.63359215673989     
   62.5000000000000        243.547606661869        6.64690750701486     
   62.6000000000000        256.658972186073        6.62731031107225     
   62.7000000000000        287.088263650902        6.63203511574530     
   62.8000000000000        294.801928956335        6.66804463197287     
   62.9000000000000        266.889208473991        6.67307671278833     
   63.0000000000000        258.825234907909        6.70145891600626     
   63.1000000000000        251.790695518182        6.65823402923975     
   63.2000000000000        272.535889850499        6.65631161173591     
   63.3000000000000        296.506956914717        6.62807300259922     
   63.4000000000000        246.297857561681        6.64924395235157     
   63.5000000000000        262.140424478223        6.66247992894490     
   63.6000000000000        273.614966092645        6.70978175943373     
   63.7000000000000        279.202909206722        6.69481779521310     
   63.8000000000000        221.156250912960        6.65476216529470     
   63.9000000000000        204.868435257191        6.71752327281973     
   64.0000000000000        226.685420433354        6.76576536023130     
   64.1000000000000        261.280172947339        6.77019347513578     
   64.2000000000000        267.210858050298        6.74283625218245     
   64.3000000000000        249.647052167003        6.74629528834808     
   64.4000000000000        285.307216130035        6.72791688711675     
   64.5000000000000        315.030209314723        6.67988566315144     
   64.6000000000000        287.850867782067        6.68311044664516     
   64.7000000000000        231.582344852621        6.65872951134970     
   64.8000000000000        269.072625178792        6.59728482800744     
   64.9000000000000        273.692547271653        6.64109861057165     
   65.0000000000000        260.612566631208        6.67981636122576     
   65.1000000000000        281.213398320406        6.68040212907498     
   65.2000000000000        285.485700462203        6.67698136309211     
   65.3000000000000        293.371263094897        6.68419266206535     
   65.4000000000000        244.938607510019        6.66702629076320     
   65.5000000000000        241.813038922601        6.65788494942975     
   65.6000000000000        252.223349035052        6.65016115877456     
   65.7000000000000        273.273610382399        6.67158827096316     
   65.8000000000000        274.009796297398        6.71935886439074     
   65.9000000000000        243.512288568816        6.76935679172980     
   66.0000000000000        289.866776763611        6.81582823268407     
   66.1000000000000        252.251640533686        6.80689317546391     
   66.2000000000000        285.611770516069        6.83137764010945     
   66.3000000000000        253.857642533713        6.83015339381457     
   66.4000000000000        265.674104990344        6.86401510885557     
   66.5000000000000        255.704782812892        6.88025138760036     
   66.6000000000000        254.123837524403        6.88923151318089     
   66.7000000000000        295.885815509989        6.93293077205639     
   66.8000000000000        238.190089663952        6.95126029322012     
   66.9000000000000        254.558724768374        6.96873725280667     
   67.0000000000000        286.201302973888        6.98534750286578     
   67.1000000000000        224.265624534356        6.97541524411625     
   67.2000000000000        269.263769643532        7.00594696475737     
   67.3000000000000        227.386605253024        6.99678637236023     
   67.4000000000000        245.835161476387        7.01984154488410     
   67.5000000000000        275.043434408022        7.04048236858250     
   67.6000000000000        306.510895022991        7.04150211785806     
   67.7000000000000        223.561775879001        7.04372576579746     
   67.8000000000000        226.174899135061        7.01495660466488     
   67.9000000000000        256.863499446193        6.99549353610398     
   68.0000000000000        228.587027763845        6.98385626811466     
   68.1000000000000        222.891231970148        7.00866144417014     
   68.2000000000000        254.058408704877        7.02780330094359     
   68.3000000000000        242.217269969218        7.04342777379149     
   68.4000000000000        220.669276266224        7.07117624442690     
   68.5000000000000        252.038660373862        7.06328931853530     
   68.6000000000000        289.758574221016        7.03819361293295     
   68.7000000000000        296.900810300410        7.06779768890866     
   68.8000000000000        332.449131633227        7.08887458663488     
   68.9000000000000        279.362132276233        7.05388753661523     
   69.0000000000000        258.576984768627        7.05721514475596     
   69.1000000000000        292.990056600295        7.10966378550748     
   69.2000000000000        291.160852603850        7.11526746159407     
   69.3000000000000        238.315250252646        7.07471135424808     
   69.4000000000000        301.300666570634        7.01117968125950     
   69.5000000000000        251.099758491303        6.98732467200935     
   69.6000000000000        300.397049187460        7.00851104720842     
   69.7000000000000        277.194268209622        7.06278807330250     
   69.8000000000000        258.898886129187        7.10677801378907     
   69.9000000000000        276.593876416986        7.10106048096124     
   70.0000000000000        271.771793786980        7.08560782039326     
   70.1000000000000        240.515204686736        7.08871786009986     
   70.2000000000000        258.809986708869        7.09282081261527     
   70.3000000000000        228.988713573686        7.09928218303901     
   70.4000000000000        279.760535825763        7.15000635603269     
   70.5000000000000        265.169965801327        7.18538540662194     
   70.6000000000000        234.680015671745        7.15855190097054     
   70.7000000000000        237.175525304937        7.14779952096807     
   70.8000000000000        233.524649130121        7.18017693568921     
   70.9000000000000        242.162084436603        7.25194502225230     
   71.0000000000000        241.445660185375        7.24042668649224     
   71.1000000000000        247.551601304849        7.25448916320555     
   71.2000000000000        281.824899469634        7.26411483096773     
   71.3000000000000        205.293683981786        7.26804339095141     
   71.4000000000000        292.485547381041        7.30876514388711     
   71.5000000000000        239.318800841856        7.33542214172949     
   71.6000000000000        226.533267153945        7.30802581667749     
   71.7000000000000        238.742762089322        7.33898951955054     
   71.8000000000000        240.992082243730        7.32503953117178     
   71.9000000000000        306.213581842585        7.31144818661327     
   72.0000000000000        280.487637077455        7.36222126266270     
   72.1000000000000        220.055091992578        7.39165366349564     
   72.2000000000000        269.803129666646        7.40766760164786     
   72.3000000000000        239.411208917859        7.43642090717690     
   72.4000000000000        235.669511891297        7.45765478931951     
   72.5000000000000        200.086122192392        7.48550846877648     
   72.6000000000000        233.252268879945        7.53769544366981     
   72.7000000000000        261.500194032236        7.55093337780777     
   72.8000000000000        290.290294403904        7.55862158737484     
   72.9000000000000        270.528511308324        7.57102693601883     
   73.0000000000000        262.901614546618        7.55324024218861     
   73.1000000000000        246.811864716394        7.59024126901887     
   73.2000000000000        232.900485014832        7.62418384380880     
   73.3000000000000        280.378389074456        7.64392877702755     
   73.4000000000000        266.488955536708        7.65171707053977     
   73.5000000000000        289.926467079787        7.65670419134343     
   73.6000000000000        194.008123808313        7.69503468225740     
   73.7000000000000        275.454573904677        7.71060045053741     
   73.8000000000000        259.739778208306        7.72934056848171     
   73.9000000000000        271.569464119399        7.73321278042013     
   74.0000000000000        251.497706951953        7.71915874870435     
   74.1000000000000        292.132274228182        7.73948687442942     
   74.2000000000000        234.289435321248        7.74659487423901     
   74.3000000000000        292.595222659491        7.74815835632030     
   74.4000000000000        258.406558274965        7.74267647694903     
   74.5000000000000        272.033758599898        7.75909784419108     
   74.6000000000000        320.788722841075        7.73698527545892     
   74.7000000000000        263.669463808738        7.73771467431325     
   74.8000000000000        259.669815833697        7.80057144422585     
   74.9000000000000        268.971007217650        7.80718003127335     
   75.0000000000000        241.237029946227        7.84110607345352     
   75.1000000000000        266.091397344021        7.87320956551245     
   75.2000000000000        247.522099501924        7.82650823227869     
   75.3000000000000        220.981370367852        7.82709159354454     
   75.4000000000000        265.327372980972        7.83083904009956     
   75.5000000000000        253.890098829183        7.82740274875280     
   75.6000000000000        250.004105255818        7.88616685743640     
   75.7000000000000        294.661116329232        7.88018529785842     
   75.8000000000000        300.761392548547        7.82702598279900     
   75.9000000000000        263.613214531818        7.82171640929127     
   76.0000000000000        278.760075856051        7.84087747029500     
   76.1000000000000        286.307208449172        7.82300795274280     
   76.2000000000000        292.076926001135        7.82051416889060     
   76.3000000000000        260.667114008925        7.83226391927697     
   76.4000000000000        279.731669809513        7.81842015852387     
   76.5000000000000        269.378032601799        7.79549413951032     
   76.6000000000000        264.045375425340        7.80336568537148     
   76.7000000000000        221.648300578043        7.77126431302219     
   76.8000000000000        266.529125586406        7.78660444344081     
   76.9000000000000        265.044325758565        7.78216889270205     
   77.0000000000000        250.190935647326        7.77697137113878     
   77.1000000000000        225.041781019204        7.81856689585444     
   77.2000000000000        252.105190559844        7.82745437530966     
   77.3000000000000        301.068139626874        7.82598632515366     
   77.4000000000000        233.647773962727        7.81310769794958     
   77.5000000000000        274.166409406077        7.79650838944245     
   77.6000000000000        264.237394565315        7.78171153189283     
   77.7000000000000        258.483645576162        7.75193009138692     
   77.8000000000000        289.501338043447        7.75541231935475     
   77.9000000000000        296.302727902254        7.78875843253973     
   78.0000000000000        267.788252902369        7.80686409252385     
   78.1000000000000        275.303466455821        7.80150684141707     
   78.2000000000000        288.561122627507        7.84792123276865     
   78.3000000000000        266.877043907840        7.80937012337385     
   78.4000000000000        291.937977339086        7.83224511117057     
   78.5000000000000        221.014787078858        7.83767193409000     
   78.6000000000000        254.856286080327        7.83295046088895     
   78.7000000000000        235.067899783241        7.89399867750713     
   78.8000000000000        250.937365227638        7.92979308273744     
   78.9000000000000        291.549097509262        7.93433127947816     
   79.0000000000000        273.907192227659        7.93967452091677     
   79.1000000000000        256.956053725421        7.98493184135876     
   79.2000000000000        281.272346609190        7.96069501495002     
   79.3000000000000        317.557346459189        7.96892724150520     
   79.4000000000000        332.134227362021        7.95542286045183     
   79.5000000000000        226.469841874952        7.94909217876083     
   79.6000000000000        292.417999728844        7.99715744080250     
   79.7000000000000        299.856724370788        8.02838442159083     
   79.8000000000000        242.887291870077        8.05412840374082     
   79.9000000000000        256.817873345895        8.04057648110058     
   80.0000000000000        245.427224878115        8.00867122561618     
   80.1000000000000        289.434284346689        7.99883932750465     
   80.2000000000000        303.377552480834        8.03146331400806     
   80.3000000000000        235.111566262985        8.01554159268184     
   80.4000000000000        267.880194630433        8.01564388964183     
   80.5000000000000        275.016984569818        8.02729516600319     
   80.6000000000000        263.043552853991        8.08183995106122     
   80.7000000000000        229.914688263847        8.07588189173722     
   80.8000000000000        233.395308821654        8.09997509211759     
   80.9000000000000        246.118437067172        8.11749721205002     
   81.0000000000000        249.856848084942        8.13772109952544     
   81.1000000000000        270.280926593559        8.12759740272243     
   81.2000000000000        295.340684571257        8.08085364493008     
   81.3000000000000        245.067634136905        8.16479526579463     
   81.4000000000000        287.415190853811        8.16307083969990     
   81.5000000000000        283.659522935956        8.18758499431878     
   81.6000000000000        305.810349834434        8.21463875880486     
   81.7000000000000        277.652569618080        8.23956690743507     
   81.8000000000000        251.363948463753        8.25977631624060     
   81.9000000000000        275.432783598841        8.26322355654792     
   82.0000000000000        276.200848280377        8.24581947372820     
   82.1000000000000        273.767358969805        8.25074261435499     
   82.2000000000000        268.566521744583        8.27184749706485     
   82.3000000000000        249.069877595459        8.23404826039635     
   82.4000000000000        208.175307240029        8.29440364733326     
   82.5000000000000        252.338860081091        8.33830628341277     
   82.6000000000000        268.582503790972        8.35365717171355     
   82.7000000000000        276.018687086975        8.42409408533281     
   82.8000000000000        242.106460801855        8.38515962737471     
   82.9000000000000        246.197057870355        8.38213678091129     
   83.0000000000000        310.712867307762        8.38412887931983     
   83.1000000000000        233.197660911770        8.37441761446827     
   83.2000000000000        260.424710183793        8.37248167151505     
   83.3000000000000        307.623354963895        8.43234022104898     
   83.4000000000000        259.890651992885        8.38465311606379     
   83.5000000000000        293.499510044520        8.42818853293555     
   83.6000000000000        271.925207541762        8.44532639537366     
   83.7000000000000        237.080156868597        8.45946194345539     
   83.8000000000000        273.501717655375        8.45492432719275     
   83.9000000000000        300.741903344209        8.37479488444077     
   84.0000000000000        239.892510531592        8.35553363051015     
   84.1000000000000        256.039570726320        8.37616607605418     
   84.2000000000000        237.183951101173        8.34666337115787     
   84.3000000000000        294.451099043104        8.36914814965624     
   84.4000000000000        295.328694365447        8.41666630340817     
   84.5000000000000        274.580671122583        8.35065485821455     
   84.6000000000000        243.394868949554        8.38175159947993     
   84.7000000000000        251.076154444511        8.42537809189491     
   84.8000000000000        264.809832705663        8.43994340770447     
   84.9000000000000        271.895859112873        8.47119657299055     
   85.0000000000000        276.890471494041        8.48619275190588     
   85.1000000000000        260.262965085202        8.48772765116454     
   85.2000000000000        267.903673792062        8.48046860007304     
   85.3000000000000        317.230984656458        8.48124243492157     
   85.4000000000000        299.251396950754        8.46838290181723     
   85.5000000000000        299.480179856580        8.46934716860214     
   85.6000000000000        274.847989534684        8.46085940326530     
   85.7000000000000        263.890131923815        8.46139706843972     
   85.8000000000000        283.052877713883        8.46027201374415     
   85.9000000000000        278.650382818795        8.41222937177075     
   86.0000000000000        263.315197604781        8.38748413933610     
   86.1000000000000        273.636881440308        8.40265831675120     
   86.2000000000000        280.646426421726        8.39421827721375     
   86.3000000000000        278.272812726770        8.40923302960816     
   86.4000000000000        269.663930969168        8.43548186924571     
   86.5000000000000        249.056839899232        8.41459024604212     
   86.6000000000000        254.388541053108        8.43182192031381     
   86.7000000000000        264.421375080129        8.48292597387676     
   86.8000000000000        199.412279297366        8.49187173598190     
   86.9000000000000        236.984650578239        8.47253095246177     
   87.0000000000000        258.452574473851        8.51952047167994     
   87.1000000000000        287.760295054172        8.53277708828446     
   87.2000000000000        260.868474968671        8.55104181247773     
   87.3000000000000        262.795966830204        8.52649705422342     
   87.4000000000000        247.226208875095        8.58010008410920     
   87.5000000000000        252.117156911233        8.58688156732381     
   87.6000000000000        239.694238395899        8.58408286105653     
   87.7000000000000        234.635173600785        8.64504265621880     
   87.8000000000000        230.334901242534        8.62619700969910     
   87.9000000000000        276.267926898698        8.67276784944074     
   88.0000000000000        246.786711175781        8.72454143064097     
   88.1000000000000        307.198822495391        8.67992466360930     
   88.2000000000000        274.654713550484        8.70610987882857     
   88.3000000000000        252.982676283940        8.73603972195025     
   88.4000000000000        285.591935882334        8.69595907369631     
   88.5000000000000        287.636149136488        8.69294271551738     
   88.6000000000000        283.146916102951        8.72466289045221     
   88.7000000000000        282.400206789387        8.74017455337581     
   88.8000000000000        251.217926502924        8.73703965763674     
   88.9000000000000        245.176391923929        8.78380163211800     
   89.0000000000000        249.021717919027        8.77592447722770     
   89.1000000000000        233.379245173973        8.80295249868813     
   89.2000000000000        277.320043704839        8.80030349659183     
   89.3000000000000        279.525813151200        8.79582759856063     
   89.4000000000000        275.445033736224        8.81872077941672     
   89.5000000000000        209.402642591993        8.79614814114895     
   89.6000000000000        263.948755170649        8.87942997152211     
   89.7000000000000        226.122777563911        8.84256060945040     
   89.8000000000000        266.053211086013        8.85473977401612     
   89.9000000000000        247.623737613230        8.87351909652381     
   90.0000000000000        289.678166741521        8.83074004489604     
   90.1000000000000        234.417899107296        8.91209509056044     
   90.2000000000000        222.673699278595        8.93371078416432     
   90.3000000000000        242.364904590737        8.97610097953025     
   90.4000000000000        255.320458851550        8.99707868486099     
   90.5000000000000        287.769173907617        8.99795488890966     
   90.6000000000000        283.157856885551        8.99913819443659     
   90.7000000000000        297.472477817352        9.00422331026078     
   90.8000000000000        265.540014789799        9.03036231096045     
   90.9000000000000        224.878586328337        9.06573948352549     
   91.0000000000000        236.087210359602        9.07383072933230     
   91.1000000000000        306.473536814909        9.07706590230034     
   91.2000000000000        198.109348336765        9.09504091484396     
   91.3000000000000        229.339656043450        9.08405031917467     
   91.4000000000000        207.498759098402        9.05588115111147     
   91.5000000000000        275.254156825312        9.10286919046536     
   91.6000000000000        291.556658123379        9.13230780533454     
   91.7000000000000        294.611027069646        9.16637661004403     
   91.8000000000000        252.221380163114        9.17212146792703     
   91.9000000000000        280.489546447010        9.19443502722307     
   92.0000000000000        254.905381653757        9.22524415352487     
   92.1000000000000        233.997843681858        9.22672905052651     
   92.2000000000000        250.742439992780        9.23939627548170     
   92.3000000000000        300.780068657781        9.25217207109846     
   92.4000000000000        273.957113512880        9.24518496249468     
   92.5000000000000        194.521316050892        9.25962161756882     
   92.6000000000000        293.761413025033        9.30248021319154     
   92.7000000000000        249.438423731335        9.36013905412511     
   92.8000000000000        264.742277608254        9.34850396570719     
   92.9000000000000        234.227736420993        9.30413957956810     
   93.0000000000000        224.907148031806        9.26230334766637     
   93.1000000000000        243.824485352464        9.25493834706340     
   93.2000000000000        241.486795642397        9.24969290556229     
   93.3000000000000        249.098427073472        9.27110280768744     
   93.4000000000000        265.361393805093        9.35053951467250     
   93.5000000000000        272.411292012206        9.34008391999686     
   93.6000000000000        238.944849231472        9.35095624919757     
   93.7000000000000        258.092391519699        9.39252998552680     
   93.8000000000000        252.065570792495        9.39580712794540     
   93.9000000000000        236.425854396812        9.36363061896918     
   94.0000000000000        280.918145581547        9.42586529227114     
   94.1000000000000        327.495530210843        9.42589167810885     
   94.2000000000000        257.191503867853        9.44700317951808     
   94.3000000000000        237.309916140515        9.43719902860459     
   94.4000000000000        238.716690231001        9.43436345822179     
   94.5000000000000        267.996455816484        9.38825769545787     
   94.6000000000000        263.319753959669        9.40540098121738     
   94.7000000000000        194.313383966635        9.41903322505171     
   94.8000000000000        231.227475629478        9.42444297497358     
   94.9000000000000        283.326259306353        9.46772995433775     
   95.0000000000000        277.252596785254        9.54022560344231     
   95.1000000000000        200.522822617244        9.61650235350164     
   95.2000000000000        262.173974578881        9.59240101898327     
   95.3000000000000        301.687811017271        9.60360801728426     
   95.4000000000000        259.901838238298        9.62072329300723     
   95.5000000000000        306.176584625993        9.65852073514413     
   95.6000000000000        253.230560245364        9.62501576618300     
   95.7000000000000        304.427682875100        9.61516389397192     
   95.8000000000000        253.615904878140        9.66314764636133     
   95.9000000000000        220.582021678293        9.70217610668951     
   96.0000000000000        263.951815524005        9.70716958872017     
   96.1000000000000        248.422308161507        9.70079976262650     
   96.2000000000000        242.130443580709        9.72044740963816     
   96.3000000000000        229.637414347481        9.72180044622005     
   96.4000000000000        254.499429164845        9.73564935514854     
   96.5000000000000        225.653320370347        9.72055931775859     
   96.6000000000000        240.338123600146        9.72385215829850     
   96.7000000000000        262.815448674886        9.75199229249544     
   96.8000000000000        247.010299392353        9.78585632682305     
   96.9000000000000        277.347023035032        9.83955846345273     
   97.0000000000000        253.293168586645        9.86845230996087     
   97.1000000000000        242.089622719946        9.93737830582387     
   97.2000000000000        247.381082754871        9.95847736794121     
   97.3000000000000        266.058149143941        9.99729660671104     
   97.4000000000000        223.581452296109        10.0167376226289     
   97.5000000000000        276.442552485170        10.0385007403391     
   97.6000000000000        292.854528260793        9.97955344615166     
   97.7000000000000        218.274194547130        9.97423388731700     
   97.8000000000000        262.429173941804        9.98052923605177     
   97.9000000000000        249.511230913462        10.0170389773745     
   98.0000000000000        243.968196038277        10.0708419714709     
   98.1000000000000        248.483749378337        10.0990713971780     
   98.2000000000000        223.010964546814        10.1167629829798     
   98.3000000000000        290.421115052992        10.1246285966689     
   98.4000000000000        289.787012146860        10.1647345279490     
   98.5000000000000        280.352098554736        10.1519607519870     
   98.6000000000000        258.263105769747        10.1670818998925     
   98.7000000000000        268.425054145253        10.1882197762416     
   98.8000000000000        210.380739817971        10.2346491570786     
   98.9000000000000        261.074428377007        10.1979339839031     
   99.0000000000000        264.256226320298        10.2005248795625     
   99.1000000000000        286.442402094778        10.2075213301123     
   99.2000000000000        252.120718552847        10.2683880113575     
   99.3000000000000        248.340710472786        10.2575880686731     
   99.4000000000000        198.720800671930        10.2717725360969     
   99.5000000000000        260.374182647328        10.2824487852789     
   99.6000000000000        271.104769809163        10.2303227724394     
   99.7000000000000        272.845244707366        10.2789906767635     
   99.8000000000000        251.137283863755        10.3540940787199     
   99.9000000000000        278.732851940384        10.3272933936217     
   100.000000000000        216.871611326778        10.3329757489490     
