  0.100000000000000        1.70345566096060       0.177911765212080     
  0.200000000000000        1.87660074602670       0.192134236264754     
  0.300000000000000        1.88710979416196       0.206229343920081     
  0.400000000000000        1.77343578197950       0.180435887513865     
  0.500000000000000        1.62424132747255       0.177620171057968     
  0.600000000000000        1.72530567516250       0.218399157280008     
  0.700000000000000        1.98412834564781       0.220135079419578     
  0.800000000000000        1.89365419277345       0.191176850552488     
  0.900000000000000        1.78530441868827       0.182432425192900     
   1.00000000000000        2.04959459588141       0.180985696948579     
   1.10000000000000        1.84424531280738       0.178175743670250     
   1.20000000000000        1.89841251864751       0.175810434959229     
   1.30000000000000        1.85716213504977       0.153995126999461     
   1.40000000000000        1.68404147274489       0.165491785166822     
   1.50000000000000        1.94026858752442       0.194193368184172     
   1.60000000000000        1.80100382256952       0.193804858564199     
   1.70000000000000        1.71655704639285       0.213369455924122     
   1.80000000000000        1.76605542682448       0.205130578206523     
   1.90000000000000        1.76532744418466       0.171301161119859     
   2.00000000000000        1.73142882304101       0.197697151734447     
   2.10000000000000        1.92618094479664       0.236235647437982     
   2.20000000000000        1.93692736236061       0.167391570377412     
   2.30000000000000        1.43470506148055       0.146440085271558     
   2.40000000000000        1.61274972105671       0.158429464350864     
   2.50000000000000        1.59943894536762       0.193351936426483     
   2.60000000000000        1.88967316854800       0.184450087946557     
   2.70000000000000        1.69394740135003       0.175537421064769     
   2.80000000000000        1.65356173954833       0.151257190809898     
   2.90000000000000        2.04367744187297       0.192472132099738     
   3.00000000000000        1.82211338795250       0.188434907486948     
   3.10000000000000        1.67325055469517       0.147719576122392     
   3.20000000000000        1.74702445150139       0.185102284416414     
   3.30000000000000        2.11445656863358       0.195514611418791     
   3.40000000000000        1.81575777070406       0.189863289780298     
   3.50000000000000        1.65111201864219       0.164902848275639     
   3.60000000000000        1.99342202706746       0.186703705248082     
   3.70000000000000        1.87360697649582       0.176959416059534     
   3.80000000000000        1.87655909401756       0.194747644869415     
   3.90000000000000        1.63697065878841       0.186837129563033     
   4.00000000000000        1.92654784901740       0.193089406199695     
   4.10000000000000        1.99226111931234       0.205282596773480     
   4.20000000000000        1.97408793332523       0.256814761593882     
   4.30000000000000        2.01852437110203       0.235835119900231     
   4.40000000000000        2.24682196678809       0.266387718606974     
   4.50000000000000        1.88252251538145       0.213018771908609     
   4.60000000000000        1.71379982020541       0.182869566582377     
   4.70000000000000        1.74016438364963       0.197500318621956     
   4.80000000000000        1.90539120060754       0.196613052796585     
   4.90000000000000        1.68601217142217       0.202145210221853     
   5.00000000000000        1.73261357525212       0.150863972253548     
   5.10000000000000        1.84848923203296       0.165176262435356     
   5.20000000000000        1.73318324171188       0.156187539976540     
   5.30000000000000        1.62000453141307       0.154519417106661     
   5.40000000000000        1.96148722085450       0.198708936050251     
   5.50000000000000        1.75995360866175       0.167091863633939     
   5.60000000000000        1.73535094822125       0.186359782741210     
   5.70000000000000        1.70579703545464       0.180178266176418     
   5.80000000000000        1.71958278234990       0.175505840334012     
   5.90000000000000        1.77897011358778       0.161305093450324     
   6.00000000000000        1.76699481572837       0.160307810069331     
   6.10000000000000        1.79211980914007       0.175916961864647     
   6.20000000000000        1.77899523476125       0.193993021597743     
   6.30000000000000        1.63247389545794       0.162998558789831     
   6.40000000000000        1.90862511017954       0.165506627903734     
   6.50000000000000        1.76872095011293       0.177662356523947     
   6.60000000000000        1.97210775821558       0.200177419609512     
   6.70000000000000        1.74820722889500       0.175795530429811     
   6.80000000000000        1.59096036730816       0.156246803298218     
   6.90000000000000        1.90398047520501       0.206732170305976     
   7.00000000000000        1.71008513567731       0.184172644873236     
   7.10000000000000        1.88309906959934       0.183749137743632     
   7.20000000000000        1.70588611599732       0.162487520595131     
   7.30000000000000        1.89749239253133       0.201666857174208     
   7.40000000000000        2.19530448126881       0.189032448361209     
   7.50000000000000        1.61247521786726       0.158073079087968     
   7.60000000000000        1.86833000362261       0.185371483727124     
   7.70000000000000        1.83099162074470       0.196632231568326     
   7.80000000000000        1.97357061803252       0.195155190826820     
   7.90000000000000        1.81005474528431       0.210105355715659     
   8.00000000000000        2.06071806270850       0.181342909273720     
   8.10000000000000        1.86426407732160       0.173968339798026     
   8.20000000000000        1.87779187586503       0.202877929248950     
   8.30000000000000        1.96885535961347       0.186472263587062     
   8.40000000000000        1.72323132209599       0.170681598029332     
   8.50000000000000        1.88074457117975       0.226272391231236     
   8.60000000000000        1.67621542653544       0.170254800390427     
   8.70000000000000        1.80616560444090       0.155063697721009     
   8.80000000000000        1.61711741373991       0.159504300458342     
   8.90000000000000        1.88896724556069       0.190301575960624     
   9.00000000000000        1.93321371401199       0.195760581504566     
   9.10000000000000        1.84492744605119       0.177597383260225     
   9.20000000000000        1.79309206763814       0.178175082007380     
   9.30000000000000        2.07665819354001       0.208183420360896     
   9.40000000000000        1.82800966069156       0.197011322954329     
   9.50000000000000        1.99365134070977       0.212266118395382     
   9.60000000000000        2.12771440004165       0.292798618650088     
   9.70000000000000        2.24216389572340       0.267821358322973     
   9.80000000000000        1.89469556839378       0.213051187832216     
   9.90000000000000        1.90406405506849       0.182585874149411     
   10.0000000000000        1.74326325386904       0.164472417312670     
   10.1000000000000        1.94788287664689       0.157694667576584     
   10.2000000000000        1.79544406813871       0.189294688528710     
   10.3000000000000        1.89699947159754       0.210499915577411     
   10.4000000000000        2.02398760037895       0.206385287179417     
   10.5000000000000        1.76645010557506       0.182825286728523     
   10.6000000000000        1.94218572468972       0.200092891909065     
   10.7000000000000        1.73004673531389       0.171652897982903     
   10.8000000000000        1.75913661799782       0.172673088549055     
   10.9000000000000        1.93661467614477       0.222528103795887     
   11.0000000000000        1.81933787085024       0.192749120009156     
   11.1000000000000        1.95342011978705       0.227831768379123     
   11.2000000000000        1.55149040613131       0.175185981834602     
   11.3000000000000        1.92491461806200       0.186885640183651     
   11.4000000000000        1.84637352984219       0.153021492738296     
   11.5000000000000        1.88671710337708       0.203070608076605     
   11.6000000000000        1.63632103420017       0.160891916522619     
   11.7000000000000        1.72847524070065       0.214601338520655     
   11.8000000000000        1.66660532106417       0.218039514254036     
   11.9000000000000        1.80278255878454       0.178988696488857     
   12.0000000000000        1.86192295375171       0.165809464974264     
   12.1000000000000        1.68563093228130       0.169953828309412     
   12.2000000000000        1.89347267219150       0.184650900706456     
   12.3000000000000        1.97357702797377       0.209115792839031     
   12.4000000000000        1.62519740662609       0.178503982296444     
   12.5000000000000        1.62047524698373       0.155598257037686     
   12.6000000000000        1.96311732865837       0.223285416916527     
   12.7000000000000        1.65737086830586       0.171236046426681     
   12.8000000000000        1.85449393901729       0.180121453028111     
   12.9000000000000        1.98889309134115       0.211698917794000     
   13.0000000000000        1.74901824254472       0.226843821629032     
   13.1000000000000        1.78501960200488       0.234838727661269     
   13.2000000000000        1.83757057781408       0.195755958321018     
   13.3000000000000        1.57956689387090       0.138665367980797     
   13.4000000000000        1.93359628440903       0.204270202269781     
   13.5000000000000        1.89345982292674       0.212983116599399     
   13.6000000000000        1.81004288874645       0.209055263328669     
   13.7000000000000        1.92478098380627       0.216234197181994     
   13.8000000000000        2.02540772138897       0.286332687760826     
   13.9000000000000        2.00663783760422       0.245081221387320     
   14.0000000000000        2.11403897063542       0.266567015932767     
   14.1000000000000        1.96738370809787       0.252637748396640     
   14.2000000000000        1.71437479311204       0.247041246938609     
   14.3000000000000        1.99556535424846       0.213162888875881     
   14.4000000000000        1.72173264512806       0.179503253951547     
   14.5000000000000        1.92426065686779       0.209062737260676     
   14.6000000000000        1.91051766350661       0.182158881188200     
   14.7000000000000        1.84765215790039       0.172809720064541     
   14.8000000000000        1.98152004635059       0.224242886143362     
   14.9000000000000        1.93107587567133       0.219746561980473     
   15.0000000000000        1.81718357645478       0.192963068615242     
   15.1000000000000        1.92087696694850       0.195412738333917     
   15.2000000000000        1.66515907356321       0.175877536385808     
   15.3000000000000        1.81233884907582       0.179356441982282     
   15.4000000000000        2.06668034107357       0.223207168578004     
   15.5000000000000        1.88527396577265       0.218086393409893     
   15.6000000000000        1.91191234688494       0.219308140157100     
   15.7000000000000        1.67257478211637       0.220760235328567     
   15.8000000000000        2.01379586066439       0.212389735723148     
   15.9000000000000        1.83872007252249       0.220335344465906     
   16.0000000000000        1.70028250217421       0.207236498255427     
   16.1000000000000        1.63895956063636       0.173625500697641     
   16.2000000000000        1.84902638882091       0.163594049206739     
   16.3000000000000        1.65563543263816       0.140120937869971     
   16.4000000000000        1.96397966867333       0.160197880044191     
   16.5000000000000        1.69243579811161       0.130635588859463     
   16.6000000000000        1.99565546728458       0.190031384890014     
   16.7000000000000        1.76180195081291       0.151956621919709     
   16.8000000000000        1.51332099928993       0.149550060235113     
   16.9000000000000        2.00586977926520       0.234526273311731     
   17.0000000000000        1.99360252949209       0.195762066382305     
   17.1000000000000        1.87749908868297       0.183241522196457     
   17.2000000000000        1.97665921158345       0.192024117193275     
   17.3000000000000        1.79726815200623       0.199170843129947     
   17.4000000000000        1.81098599978808       0.212698451669761     
   17.5000000000000        2.16547473274779       0.224557612627582     
   17.6000000000000        1.78544102993629       0.202705167856953     
   17.7000000000000        1.85123285743234       0.202457093266147     
   17.8000000000000        1.68494281869349       0.190454114942171     
   17.9000000000000        1.94526634530993       0.199086889223104     
   18.0000000000000        2.22030160704207       0.216306745065995     
   18.1000000000000        1.64795294363661       0.167638108197047     
   18.2000000000000        2.15323743015145       0.221994920519843     
   18.3000000000000        1.94751164556504       0.173816925174517     
   18.4000000000000        1.71136951557081       0.155946119945996     
   18.5000000000000        1.82461530584461       0.160928629513640     
   18.6000000000000        1.81547869761842       0.160311762233530     
   18.7000000000000        1.79689221013171       0.140496511882407     
   18.8000000000000        1.77595336468151       0.165733319057131     
   18.9000000000000        1.72590515532391       0.183640934752963     
   19.0000000000000        2.01057573033050       0.201519188383585     
   19.1000000000000        1.79762955501870       0.154305674314327     
   19.2000000000000        1.72950284294057       0.192053749764819     
   19.3000000000000        1.94532847031786       0.201164292418046     
   19.4000000000000        1.97407645748989       0.207705910598044     
   19.5000000000000        1.83004822169846       0.208540096464232     
   19.6000000000000        1.91250178803772       0.159877201361750     
   19.7000000000000        1.96794937610604       0.185229559226843     
   19.8000000000000        2.10505440333302       0.181071590956560     
   19.9000000000000        1.87998118522114       0.160757459234730     
   20.0000000000000        1.78556513106387       0.159913953833474     
   20.1000000000000        1.57521569866694       0.140711630182821     
   20.2000000000000        1.92292879066240       0.191638488154570     
   20.3000000000000        1.86686416876889       0.174844008484191     
   20.4000000000000        2.02086959717409       0.199418984589889     
   20.5000000000000        1.65729647360563       0.170152130417423     
   20.6000000000000        1.98068172022542       0.176837131025671     
   20.7000000000000        1.70792476772796       0.191406506365199     
   20.8000000000000        1.74321889169583       0.201181032896215     
   20.9000000000000        1.85783757922865       0.181708561444070     
   21.0000000000000        1.91155539277551       0.216346406370506     
   21.1000000000000        2.07614553879742       0.224256515008702     
   21.2000000000000        1.87349979743094       0.215274115412503     
   21.3000000000000        1.67629309472862       0.180859732236408     
   21.4000000000000        1.93754921535847       0.227048540470545     
   21.5000000000000        2.12725620872402       0.196030355232234     
   21.6000000000000        1.93628643304278       0.179742006204735     
   21.7000000000000        1.74859817449518       0.160803397541037     
   21.8000000000000        1.76152288452740       0.155085309044529     
   21.9000000000000        2.06409137519189       0.196094464509841     
   22.0000000000000        1.83878556483270       0.202247826780085     
   22.1000000000000        1.79324606421123       0.166317806789653     
   22.2000000000000        1.87806883522031       0.161276619250462     
   22.3000000000000        1.81820397745582       0.145745667248257     
   22.4000000000000        2.01430782274244       0.189777759393355     
   22.5000000000000        2.03384602947000       0.227389154851707     
   22.6000000000000        1.81556714455460       0.170211576921867     
   22.7000000000000        1.85141348048053       0.164731151946363     
   22.8000000000000        1.66680179286628       0.178180967033245     
   22.9000000000000        1.69389799375491       0.187693055455595     
   23.0000000000000        1.68870318945042       0.157711965078334     
   23.1000000000000        2.09205961351387       0.245722212819064     
   23.2000000000000        1.93551373795039       0.203619624534453     
   23.3000000000000        1.79478250664508       0.179424600441651     
   23.4000000000000        2.04041318283000       0.204404824269963     
   23.5000000000000        1.68921382175108       0.192003893772901     
   23.6000000000000        1.69409685305245       0.223105975781902     
   23.7000000000000        1.83675645907527       0.182389452055171     
   23.8000000000000        1.61876161485306       0.178722690061916     
   23.9000000000000        1.85810804858221       0.206267622063322     
   24.0000000000000        1.55583615525778       0.163517824846239     
   24.1000000000000        1.94936159706201       0.186288331560459     
   24.2000000000000        1.93074015405293       0.242219126441729     
   24.3000000000000        1.76997070886620       0.193517840875295     
   24.4000000000000        1.94273244108019       0.184001980407911     
   24.5000000000000        1.88736704930307       0.193050163769213     
   24.6000000000000        1.97507005062482       0.219212808859959     
   24.7000000000000        1.88096443651277       0.189361875559790     
   24.8000000000000        1.93804295309789       0.192321172305142     
   24.9000000000000        1.85183312965742       0.206894896406570     
   25.0000000000000        1.95682222206844       0.177379077204864     
   25.1000000000000        1.87200872530669       0.180468457525052     
   25.2000000000000        1.91370210256695       0.190315563550277     
   25.3000000000000        1.70411662693765       0.203786414967146     
   25.4000000000000        1.80332464417591       0.200644366420334     
   25.5000000000000        1.70422583002352       0.201877917410660     
   25.6000000000000        1.89653494644537       0.211712358570626     
   25.7000000000000        1.82127951233009       0.196215825667230     
   25.8000000000000        1.87283106176698       0.210912526015181     
   25.9000000000000        2.00538976991311       0.185548581511000     
   26.0000000000000        1.94386297884977       0.207685649327666     
   26.1000000000000        1.83103513586009       0.200805230441967     
   26.2000000000000        1.80963688937522       0.182177316700314     
   26.3000000000000        1.77917030886662       0.210519778900531     
   26.4000000000000        1.74647920447735       0.200801921784812     
   26.5000000000000        2.03295202952529       0.194832430453577     
   26.6000000000000        2.01183934656438       0.180821167862435     
   26.7000000000000        1.88579435283492       0.194799309247709     
   26.8000000000000        1.75870681816816       0.196564030746274     
   26.9000000000000        1.77610277761679       0.161128722618644     
   27.0000000000000        1.79186960309333       0.170986903860829     
   27.1000000000000        1.85940417012321       0.193901663781102     
   27.2000000000000        1.70237350678657       0.246483770577969     
   27.3000000000000        1.95584733294429       0.232586178760998     
   27.4000000000000        1.84018403143386       0.252698226068301     
   27.5000000000000        1.96333378592627       0.281369310869486     
   27.6000000000000        1.90704809372532       0.278112491564190     
   27.7000000000000        1.88286594066531       0.240099701442624     
   27.8000000000000        1.74712308485760       0.179949085754285     
   27.9000000000000        1.80047780219596       0.169271667239370     
   28.0000000000000        1.83626517883029       0.189580889342629     
   28.1000000000000        1.89505312090174       0.217915576604116     
   28.2000000000000        1.91382525077399       0.236447502067273     
   28.3000000000000        1.97934892190729       0.214363821345178     
   28.4000000000000        1.84064344146872       0.217093585085259     
   28.5000000000000        1.76185222861720       0.197191353961077     
   28.6000000000000        1.81877667259304       0.212081957185796     
   28.7000000000000        1.87909743806655       0.235660018295814     
   28.8000000000000        1.62976263275930       0.207753035103299     
   28.9000000000000        1.92082129771555       0.186838360713682     
   29.0000000000000        2.04725361223759       0.219399595820981     
   29.1000000000000        1.81386074966601       0.198710936710489     
   29.2000000000000        2.01942437117458       0.205890753599882     
   29.3000000000000        1.94628679948336       0.197626000540461     
   29.4000000000000        1.74174118928896       0.223598496224613     
   29.5000000000000        2.07580044314527       0.236436956461784     
   29.6000000000000        1.87372602465365       0.204690573364835     
   29.7000000000000        1.99369976512981       0.220376938960841     
   29.8000000000000        1.73161056611849       0.167845820097550     
   29.9000000000000        1.88854004417697       0.217122661752861     
   30.0000000000000        1.77593026569836       0.190078547859885     
   30.1000000000000        1.85283030149781       0.219965481832566     
   30.2000000000000        1.63759742551759       0.189070962327264     
   30.3000000000000        1.85765954287225       0.163593756223471     
   30.4000000000000        1.91356871393490       0.171387750976919     
   30.5000000000000        1.89981523057473       0.189854301810966     
   30.6000000000000        1.98780722505552       0.176968048354804     
   30.7000000000000        2.18622726304479       0.186943336482339     
   30.8000000000000        1.91262657737726       0.155256691029819     
   30.9000000000000        2.04888990470356       0.196070499075554     
   31.0000000000000        1.75733855741976       0.204513217855990     
   31.1000000000000        1.75001558153539       0.185448092133095     
   31.2000000000000        1.78593186050667       0.175171301819421     
   31.3000000000000        1.83965776598295       0.182146944370134     
   31.4000000000000        2.01638306642245       0.175160591653234     
   31.5000000000000        1.90203915605621       0.181888888876122     
   31.6000000000000        2.03629421121920       0.183696421558764     
   31.7000000000000        1.78114277700816       0.205095868487427     
   31.8000000000000        1.49937674352622       0.178347450985202     
   31.9000000000000        1.85275107810128       0.212733942818358     
   32.0000000000000        1.87588039874266       0.193044883735249     
   32.1000000000000        1.94831204920740       0.194960690375552     
   32.2000000000000        1.92924751777170       0.176585949027219     
   32.3000000000000        1.73832273582909       0.149571648753666     
   32.4000000000000        1.80923929482176       0.164001300566627     
   32.5000000000000        1.91169770763787       0.205782894978064     
   32.6000000000000        1.96940321076852       0.237149166811334     
   32.7000000000000        1.99003208405144       0.228932215409674     
   32.8000000000000        2.01998878261399       0.210945481412015     
   32.9000000000000        1.53657105211489       0.156255739423194     
   33.0000000000000        1.65169184873837       0.257535254005872     
   33.1000000000000        2.03032242647434       0.252078788972631     
   33.2000000000000        2.02169622254826       0.240986466533517     
   33.3000000000000        2.26771247438820       0.226553875299129     
   33.4000000000000        1.98841482061306       0.214505682367542     
   33.5000000000000        1.69638625879125       0.158701226315962     
   33.6000000000000        1.83673042879336       0.169211639200830     
   33.7000000000000        1.86881194631474       0.185115481775292     
   33.8000000000000        2.00149305308465       0.184078821001304     
   33.9000000000000        1.85453211975560       0.173466169835073     
   34.0000000000000        2.14497000532245       0.197647374106701     
   34.1000000000000        1.76761533688847       0.200232993144017     
   34.2000000000000        1.77104154119393       0.184676878856060     
   34.3000000000000        1.75236715278435       0.182192281896345     
   34.4000000000000        2.04338812896186       0.227464823247853     
   34.5000000000000        2.15650328904492       0.334965809538231     
   34.6000000000000        2.05927657958021       0.293418557308332     
   34.7000000000000        1.75171390724349       0.316777361030922     
   34.8000000000000        1.96805060927194       0.244246578478919     
   34.9000000000000        1.72681801463299       0.230347902070043     
   35.0000000000000        1.84356566374111       0.228601663963676     
   35.1000000000000        1.76034557131672       0.227788066965002     
   35.2000000000000        1.76577129104524       0.180153669981311     
   35.3000000000000        1.90844716795814       0.194955142429146     
   35.4000000000000        1.86436665696787       0.219032096576033     
   35.5000000000000        1.95467902403289       0.198924335250500     
   35.6000000000000        1.83306653780278       0.157848349691579     
   35.7000000000000        1.88269246827916       0.187482865622254     
   35.8000000000000        1.86886806280624       0.158005761195813     
   35.9000000000000        1.63972554370165       0.134385202447765     
   36.0000000000000        2.01704925126209       0.183634815596526     
   36.1000000000000        2.04292664572285       0.213504768111253     
   36.2000000000000        2.09679431174192       0.213120666733784     
   36.3000000000000        1.82208241099372       0.193331547005417     
   36.4000000000000        1.85753602972998       0.188345145924695     
   36.5000000000000        1.89242935040138       0.200020846593404     
   36.6000000000000        1.88108061570979       0.198198103671804     
   36.7000000000000        2.01197889795264       0.223382033227628     
   36.8000000000000        1.68724067633823       0.139802387544497     
   36.9000000000000        2.01549725903651       0.202576097873073     
   37.0000000000000        1.94012718398116       0.192287009543841     
   37.1000000000000        1.82281825640046       0.185835303734253     
   37.2000000000000        1.73272962137512       0.153367512540759     
   37.3000000000000        1.79560583935129       0.159974640745369     
   37.4000000000000        1.94137809086757       0.194577408210090     
   37.5000000000000        1.85611539061742       0.156342098011707     
   37.6000000000000        1.94753220778001       0.181361189399746     
   37.7000000000000        1.74425853958230       0.195435521254960     
   37.8000000000000        1.89542733838928       0.180113780358588     
   37.9000000000000        1.96636461192295       0.216167474525176     
   38.0000000000000        1.95723576979994       0.168237429481604     
   38.1000000000000        1.90456876987551       0.168981818668481     
   38.2000000000000        1.69689547489562       0.179423827722600     
   38.3000000000000        1.61780775226219       0.174339943087528     
   38.4000000000000        2.09025702531730       0.196858785897549     
   38.5000000000000        1.77059623087443       0.220107419201167     
   38.6000000000000        1.94600220357086       0.223592926361074     
   38.7000000000000        1.91379988132338       0.230051351011507     
   38.8000000000000        1.79862018799332       0.202642188783478     
   38.9000000000000        1.87011115705138       0.230541283945975     
   39.0000000000000        1.67538946752244       0.230062870876523     
   39.1000000000000        1.82439207201373       0.212781999856927     
   39.2000000000000        1.88012870829864       0.247358543278436     
   39.3000000000000        1.88155889943679       0.175771100585224     
   39.4000000000000        1.73969343403613       0.187231474739704     
   39.5000000000000        1.93657262135981       0.191290760503004     
   39.6000000000000        2.02787266093849       0.197656997395824     
   39.7000000000000        1.93410320616949       0.216433805621627     
   39.8000000000000        1.85468694881965       0.190453881571951     
   39.9000000000000        1.99645577146010       0.208984246887237     
   40.0000000000000        1.82787382389299       0.197830916756099     
   40.1000000000000        1.87730812738767       0.226808428494449     
   40.2000000000000        1.87910082640984       0.216410526636795     
   40.3000000000000        1.58244264573822       0.187328775980328     
   40.4000000000000        2.11645443305759       0.200869968383462     
   40.5000000000000        1.94422986150037       0.232053484926962     
   40.6000000000000        1.98794231504382       0.205404445755617     
   40.7000000000000        2.04887006894671       0.220795079795892     
   40.8000000000000        1.64632671813148       0.151822947982798     
   40.9000000000000        1.69380883454919       0.160141808760025     
   41.0000000000000        1.85997734430209       0.177354465977273     
   41.1000000000000        2.03213644111170       0.204148385632185     
   41.2000000000000        1.95113558622659       0.164168816702582     
   41.3000000000000        2.11420278776717       0.190333180933090     
   41.4000000000000        1.68711856120410       0.153442795996887     
   41.5000000000000        2.18624958165779       0.177099062183131     
   41.6000000000000        1.69676581426720       0.146138587717448     
   41.7000000000000        1.69865603371851       0.160749428488953     
   41.8000000000000        1.90079760841920       0.174797421437302     
   41.9000000000000        1.89010674995169       0.157963929975117     
   42.0000000000000        1.59633082964051       0.143275364544214     
   42.1000000000000        1.95216659194284       0.188914474787238     
   42.2000000000000        1.66034696753831       0.145882599662448     
   42.3000000000000        1.91910632205421       0.185080798868864     
   42.4000000000000        1.55160492274580       0.121655148298915     
   42.5000000000000        1.82077451292062       0.175730479104647     
   42.6000000000000        1.80823558603733       0.205999639232120     
   42.7000000000000        1.86794684088331       0.173084296258209     
   42.8000000000000        1.83821524297293       0.152231849589538     
   42.9000000000000        1.71354887320314       0.176476998941301     
   43.0000000000000        1.70608879117125       0.141119240859227     
   43.1000000000000        1.66641783460055       0.141807752865857     
   43.2000000000000        1.67099736888492       0.171297604531702     
   43.3000000000000        1.86639908807996       0.197877054345573     
   43.4000000000000        1.90536948902885       0.182670388684751     
   43.5000000000000        2.07016025460949       0.169776983012909     
   43.6000000000000        1.87535927651512       0.150619990454406     
   43.7000000000000        2.00121905034007       0.193699372202391     
   43.8000000000000        1.98033825563190       0.173564758737555     
   43.9000000000000        1.79445035188466       0.166716785871018     
   44.0000000000000        1.96352263903859       0.205554224117141     
   44.1000000000000        2.04916223063952       0.207130824026184     
   44.2000000000000        2.14417595674818       0.229668359649329     
   44.3000000000000        1.64976877836594       0.185121448627956     
   44.4000000000000        1.89404399219105       0.186720138390715     
   44.5000000000000        1.93901320023413       0.212656184951297     
   44.6000000000000        1.96291283572168       0.211999791045936     
   44.7000000000000        1.53493396833009       0.169754055710024     
   44.8000000000000        1.77358028794461       0.214015233955520     
   44.9000000000000        1.81294100564731       0.210853663092393     
   45.0000000000000        1.87776082011899       0.186317659084519     
   45.1000000000000        2.11989646258176       0.256936144319774     
   45.2000000000000        1.81763445775453       0.224703688226650     
   45.3000000000000        1.95559684426252       0.203993771264659     
   45.4000000000000        1.71982534004309       0.182663339057363     
   45.5000000000000        1.62294110009555       0.159568754695254     
   45.6000000000000        1.64797327413966       0.151866816398997     
   45.7000000000000        2.03579390318251       0.175537320469384     
   45.8000000000000        1.84585371183348       0.163958104792903     
   45.9000000000000        1.80431661707658       0.164936660857064     
   46.0000000000000        1.87595167617598       0.163614990997233     
   46.1000000000000        1.80256951586440       0.160271559462487     
   46.2000000000000        2.03678672758384       0.235510292324752     
   46.3000000000000        1.96176013551290       0.181624656839841     
   46.4000000000000        1.74705114666205       0.181790507158190     
   46.5000000000000        1.80165408314843       0.181916604850373     
   46.6000000000000        1.94323503914005       0.165956012093353     
   46.7000000000000        1.85156360326311       0.179985174262745     
   46.8000000000000        1.80464824381653       0.157165346217485     
   46.9000000000000        1.65148614697098       0.194595915158065     
   47.0000000000000        1.95285899761117       0.203278518113139     
   47.1000000000000        1.97508987263443       0.219802397033877     
   47.2000000000000        2.05456993149029       0.211945901930372     
   47.3000000000000        1.65567640335532       0.173464141833381     
   47.4000000000000        1.74512726500244       0.178220025197255     
   47.5000000000000        1.82777375619961       0.180377690007694     
   47.6000000000000        1.81191457545717       0.175403224410915     
   47.7000000000000        1.75564021738503       0.152779321838819     
   47.8000000000000        1.83022481733189       0.170469806564726     
   47.9000000000000        1.75286588647518       0.180063849330417     
   48.0000000000000        1.80282293094222       0.190374792324067     
   48.1000000000000        1.73894528226857       0.164875269316227     
   48.2000000000000        1.92525402519654       0.160998054023376     
   48.3000000000000        2.24734044437515       0.178218679354838     
   48.4000000000000        1.81915859072981       0.153017737137793     
   48.5000000000000        2.02702018253848       0.200317073099829     
   48.6000000000000        1.65464890110202       0.172094491114336     
   48.7000000000000        1.94043701166035       0.228928454302572     
   48.8000000000000        2.43027215045788       0.246441340449598     
   48.9000000000000        1.83812565236256       0.187204739690192     
   49.0000000000000        1.76326628355098       0.183013370295458     
   49.1000000000000        1.99320809918181       0.202051801711664     
   49.2000000000000        1.76290870793649       0.212518111766347     
   49.3000000000000        1.73620197147094       0.190600005215370     
   49.4000000000000        1.64297919112622       0.162051839770123     
   49.5000000000000        1.73092289412693       0.194679317575259     
   49.6000000000000        1.83510391902266       0.186640521199796     
   49.7000000000000        1.91396324050966       0.197836280962892     
   49.8000000000000        2.07193564090105       0.220135156710991     
   49.9000000000000        1.68606274984950       0.188822081427970     
   50.0000000000000        1.87408329890285       0.202997070711432     
   50.1000000000000        1.75780117276308       0.203046975385391     
   50.2000000000000        1.86562922181945       0.253426046669579     
   50.3000000000000        1.94889415883100       0.272794987493406     
   50.4000000000000        1.72305124257407       0.197900173284626     
   50.5000000000000        1.95091409943768       0.241889792761771     
   50.6000000000000        1.95357588742009       0.193285601721708     
   50.7000000000000        1.82399564776943       0.218858994858275     
   50.8000000000000        2.01374317039548       0.252804338650853     
   50.9000000000000        1.93063049554649       0.263538816187331     
   51.0000000000000        1.92067509733499       0.231885487616860     
   51.1000000000000        1.84326092040133       0.190287117923798     
   51.2000000000000        1.87075839796961       0.182529496320205     
   51.3000000000000        1.83886204178299       0.201441463093105     
   51.4000000000000        1.86717478689247       0.185177608049731     
   51.5000000000000        1.69375655013694       0.214771152109816     
   51.6000000000000        1.72800228280952       0.177856945266000     
   51.7000000000000        1.72540269870770       0.197149014330488     
   51.8000000000000        2.00774177874481       0.189638537253237     
   51.9000000000000        1.79730789917088       0.211368666524377     
   52.0000000000000        1.75270843838565       0.160507451752036     
   52.1000000000000        1.63704939506686       0.177797447929246     
   52.2000000000000        1.85903528720116       0.189780480766963     
   52.3000000000000        2.06531979292897       0.237930131019531     
   52.4000000000000        1.81470455285872       0.187275736560741     
   52.5000000000000        1.93645533742463       0.206435041611400     
   52.6000000000000        1.77197529493199       0.169570356496732     
   52.7000000000000        1.88544459805301       0.242373736861918     
   52.8000000000000        2.14551207965770       0.251932440984094     
   52.9000000000000        1.83682596218266       0.200315870604682     
   53.0000000000000        1.67791472063765       0.171348885177244     
   53.1000000000000        1.65087516224763       0.153961730543207     
   53.2000000000000        2.07180382739340       0.214241288123247     
   53.3000000000000        2.27568481145286       0.225823099100267     
   53.4000000000000        1.53802640597183       0.168136848702968     
   53.5000000000000        1.79419158865246       0.153774550840480     
   53.6000000000000        1.62453538646663       0.199740433477645     
   53.7000000000000        1.63008224793835       0.146900691370284     
   53.8000000000000        2.06496212785821       0.193802174249686     
   53.9000000000000        1.84144130529857       0.182543872550338     
   54.0000000000000        1.84172584010456       0.191721321502579     
   54.1000000000000        2.05917738766433       0.233859922526534     
   54.2000000000000        1.73677123753240       0.204308118041310     
   54.3000000000000        1.82176184145948       0.207305107282080     
   54.4000000000000        2.08637712345356       0.216199430110853     
   54.5000000000000        1.92807280518678       0.235616485521785     
   54.6000000000000        1.89290083589435       0.208708330130192     
   54.7000000000000        1.82610845808136       0.225231302454086     
   54.8000000000000        2.05521377586665       0.237764247246686     
   54.9000000000000        1.81157297875068       0.220597634458411     
   55.0000000000000        2.11708413857449       0.199847380039065     
   55.1000000000000        1.93885797993517       0.215236259216300     
   55.2000000000000        1.77686817291839       0.167615967275780     
   55.3000000000000        1.96414218820927       0.190105443747250     
   55.4000000000000        2.14574869601180       0.239201146014152     
   55.5000000000000        1.94380612059619       0.200662550333570     
   55.6000000000000        1.69632469343627       0.178740319833949     
   55.7000000000000        1.86020552804796       0.193213737425473     
   55.8000000000000        1.92746994387051       0.180973142489203     
   55.9000000000000        1.85003622960535       0.164411842182813     
   56.0000000000000        1.94474005907879       0.220835588343322     
   56.1000000000000        1.81674084000335       0.213696751047149     
   56.2000000000000        1.77970403044853       0.234665375669487     
   56.3000000000000        2.05528043915165       0.245104130317397     
   56.4000000000000        1.99461011845536       0.233534167769005     
   56.5000000000000        1.92564815562549       0.200221439316707     
   56.6000000000000        1.69231229174770       0.146003241845727     
   56.7000000000000        1.84309760792037       0.191694653430072     
   56.8000000000000        2.14869989699692       0.236378210714105     
   56.9000000000000        1.86004173273088       0.200676282311529     
   57.0000000000000        1.93821809288636       0.189358200695484     
   57.1000000000000        1.79640351759786       0.231392014351523     
   57.2000000000000        1.76281689531056       0.209260719545581     
   57.3000000000000        1.73761915031549       0.169814467587325     
   57.4000000000000        1.86565668490496       0.202713751611645     
   57.5000000000000        1.88931614345547       0.185868368180298     
   57.6000000000000        2.01491618137211       0.204223233745476     
   57.7000000000000        1.90323052735016       0.180149007171542     
   57.8000000000000        1.82503166496374       0.208650676578753     
   57.9000000000000        1.79385640730100       0.224849049791939     
   58.0000000000000        1.80586306944752       0.238969906363072     
   58.1000000000000        1.92095659458408       0.177304153186834     
   58.2000000000000        1.63366237951423       0.182739027632289     
   58.3000000000000        1.90798245968014       0.189664498545209     
   58.4000000000000        1.70798434928627       0.153086155460646     
   58.5000000000000        1.97432911452036       0.220312458031299     
   58.6000000000000        1.87906914175865       0.166536494975992     
   58.7000000000000        1.48531714770741       0.136519339112355     
   58.8000000000000        1.74394240799591       0.136123644891226     
   58.9000000000000        1.70865138171548       0.176200991991402     
   59.0000000000000        1.92225600120680       0.192411755938262     
   59.1000000000000        1.69628009703662       0.153252454296953     
   59.2000000000000        1.67007042958722       0.149089343277845     
   59.3000000000000        1.95220971660775       0.191959095154154     
   59.4000000000000        1.90921340441318       0.155378689818608     
   59.5000000000000        1.84538837414604       0.168724064104087     
   59.6000000000000        1.94591773729631       0.182016617701701     
   59.7000000000000        2.02622265437310       0.171844611621964     
   59.8000000000000        1.94267827230765       0.165506703832828     
   59.9000000000000        1.79164167191185       0.144735664881949     
   60.0000000000000        1.99602068539190       0.156102109090990     
   60.1000000000000        1.69664375327517       0.136065956048329     
   60.2000000000000        1.67749691206979       0.201218765902372     
   60.3000000000000        2.32060198118281       0.234548211845680     
   60.4000000000000        1.84879178637792       0.197475556248845     
   60.5000000000000        1.82895130827988       0.167233066005371     
   60.6000000000000        1.77956110457956       0.182830885633946     
   60.7000000000000        1.77709135949866       0.138380569348052     
   60.8000000000000        2.24014351264106       0.188951713925132     
   60.9000000000000        1.56203023881155       0.158311027707601     
   61.0000000000000        2.09585289460718       0.196719018885529     
   61.1000000000000        1.81874091150715       0.219898615213122     
   61.2000000000000        1.87429099183466       0.191683161803114     
   61.3000000000000        1.86697770322803       0.158342360367888     
   61.4000000000000        1.90724183419971       0.152726203352280     
   61.5000000000000        1.91632363559431       0.171981461588159     
   61.6000000000000        2.11245325962211       0.221920404649559     
   61.7000000000000        1.90203903779482       0.190717488994465     
   61.8000000000000        1.90621056206486       0.215632677313832     
   61.9000000000000        1.61197801921236       0.151737658387295     
   62.0000000000000        2.00563736098558       0.217722503130548     
   62.1000000000000        1.84732299174223       0.246900460186460     
   62.2000000000000        1.89632543657184       0.227584902821545     
   62.3000000000000        1.77022352138335       0.214106560156862     
   62.4000000000000        1.90149839099927       0.241707317288198     
   62.5000000000000        1.73442527462163       0.204556758473574     
   62.6000000000000        1.83802142930870       0.171941355425765     
   62.7000000000000        1.99399242990675       0.210858789841241     
   62.8000000000000        2.00498554403095       0.234656650277248     
   62.9000000000000        1.89011546027884       0.211443241245914     
   63.0000000000000        1.86756285680804       0.197225266198496     
   63.1000000000000        1.82277573041396       0.185604380304032     
   63.2000000000000        1.95244299894217       0.192825972818140     
   63.3000000000000        2.06906331953563       0.191338904528848     
   63.4000000000000        1.74882999092147       0.206978411469151     
   63.5000000000000        1.88325161496014       0.178669260375354     
   63.6000000000000        1.87020429102023       0.262270395768688     
   63.7000000000000        1.92261547869319       0.233537515780928     
   63.8000000000000        1.65448159541783       0.159972281069168     
   63.9000000000000        1.54865612098395       0.155402062113892     
   64.0000000000000        1.66213912199708       0.161208752302724     
   64.1000000000000        1.83221539578170       0.189163116031282     
   64.2000000000000        1.85027412569130       0.209603157682217     
   64.3000000000000        1.75719434495836       0.195087880170055     
   64.4000000000000        1.93410789024686       0.222978977717174     
   64.5000000000000        2.10113717587719       0.225475544504751     
   64.6000000000000        1.98167876542746       0.187109525327700     
   64.7000000000000        1.68321089344841       0.147399971171503     
   64.8000000000000        1.89294198913285       0.160701367900143     
   64.9000000000000        1.92767891515472       0.163639023565353     
   65.0000000000000        1.79483990661107       0.210382166564059     
   65.1000000000000        1.94730414073274       0.194610573686593     
   65.2000000000000        1.98133061638387       0.180932858257114     
   65.3000000000000        2.01448157604026       0.195246352862728     
   65.4000000000000        1.77144401539625       0.166500563491610     
   65.5000000000000        1.74591466357031       0.171201841662303     
   65.6000000000000        1.80028802624165       0.173237550233669     
   65.7000000000000        1.89286499296916       0.210009033090782     
   65.8000000000000        1.86338846099716       0.242166068866871     
   65.9000000000000        1.69857329551602       0.225336259921693     
   66.0000000000000        1.93556335915565       0.263985243542608     
   66.1000000000000        1.79276919038681       0.196580432985166     
   66.2000000000000        1.98469905787226       0.204484356553689     
   66.3000000000000        1.80038859231954       0.201565481785679     
   66.4000000000000        1.83920358752495       0.235719017440376     
   66.5000000000000        1.81565550912056       0.210667675003564     
   66.6000000000000        1.77830625120692       0.238822288215802     
   66.7000000000000        2.04066855217082       0.239607817649756     
   66.8000000000000        1.74687406960527       0.174804002392933     
   66.9000000000000        1.85872855847799       0.163597024290372     
   67.0000000000000        2.00511555549843       0.203759080325397     
   67.1000000000000        1.66979327540551       0.174654395448905     
   67.2000000000000        1.88316040870964       0.226382152590322     
   67.3000000000000        1.68601204828546       0.182838747224236     
   67.4000000000000        1.79443240224866       0.195150454870423     
   67.5000000000000        1.96598577823246       0.201094019313129     
   67.6000000000000        2.14452858882141       0.209427394415631     
   67.7000000000000        1.66668678585774       0.182271147258083     
   67.8000000000000        1.71850630300318       0.159692694991462     
   67.9000000000000        1.87891451212571       0.182122971098358     
   68.0000000000000        1.68451515102644       0.195359558373049     
   68.1000000000000        1.65467756321184       0.197373434894882     
   68.2000000000000        1.86066066135281       0.193242642190879     
   68.3000000000000        1.77713071928970       0.202355720790285     
   68.4000000000000        1.70863590490640       0.141249354182874     
   68.5000000000000        1.83514331779682       0.196439474603995     
   68.6000000000000        2.03914886085885       0.202382605451253     
   68.7000000000000        2.05683408946199       0.222095879979518     
   68.8000000000000        2.27270235580280       0.219557076867094     
   68.9000000000000        1.98166827130150       0.197196539237925     
   69.0000000000000        1.85401797821687       0.202232995471356     
   69.1000000000000        2.04608717829362       0.223238175603753     
   69.2000000000000        2.03380149435654       0.223565968479583     
   69.3000000000000        1.76590791974687       0.166773515134087     
   69.4000000000000        2.06102844112028       0.235645646980814     
   69.5000000000000        1.81480746495510       0.183948251529408     
   69.6000000000000        2.07648055625408       0.215447457250561     
   69.7000000000000        1.97145593995761       0.187736883909367     
   69.8000000000000        1.76949316122202       0.270276992469763     
   69.9000000000000        1.89962295111904       0.263544284448444     
   70.0000000000000        1.87914078172849       0.271739190741154     
   70.1000000000000        1.71264111797071       0.259577078753816     
   70.2000000000000        1.77253374993901       0.289781974089202     
   70.3000000000000        1.66936829845086       0.230420840771419     
   70.4000000000000        1.96082229801444       0.246319344329186     
   70.5000000000000        1.88842717388572       0.225273642043041     
   70.6000000000000        1.76004524698809       0.179923722328758     
   70.7000000000000        1.78300253466111       0.172374033335663     
   70.8000000000000        1.71226003292576       0.226022762314205     
   70.9000000000000        1.77941810541610       0.203027500670437     
   71.0000000000000        1.77709086639054       0.197590673561054     
   71.1000000000000        1.78678506898148       0.206734981132811     
   71.2000000000000        1.98383557575072       0.235931866930446     
   71.3000000000000        1.59792990018703       0.157537807596727     
   71.4000000000000        2.05505816823692       0.211856654584300     
   71.5000000000000        1.75698500868267       0.176332901860542     
   71.6000000000000        1.71327540849126       0.150826684903117     
   71.7000000000000        1.78058127882478       0.149198285238142     
   71.8000000000000        1.78646487455527       0.158497824161034     
   71.9000000000000        2.08182719156358       0.233652191697841     
   72.0000000000000        1.97512124772427       0.193716879181294     
   72.1000000000000        1.63008608849654       0.189205902925409     
   72.2000000000000        1.88806831423006       0.211512454119568     
   72.3000000000000        1.70903559707152       0.212055020838393     
   72.4000000000000        1.73704333541432       0.179844009902846     
   72.5000000000000        1.54561645854926       0.161363509182404     
   72.6000000000000        1.69485615766474       0.207681825002380     
   72.7000000000000        1.79914580157830       0.264610244275831     
   72.8000000000000        1.95778525156577       0.269249297373115     
   72.9000000000000        1.84045438843157       0.262890299976551     
   73.0000000000000        1.87292215649793       0.194821596050880     
   73.1000000000000        1.78278195771184       0.182275199368549     
   73.2000000000000        1.65732905837555       0.220020694653516     
   73.3000000000000        1.93417505080096       0.236431015199194     
   73.4000000000000        1.87078483867931       0.212061498599919     
   73.5000000000000        2.00107337244334       0.213803940023302     
   73.6000000000000        1.45813838807399       0.172227396821504     
   73.7000000000000        1.91716489825296       0.193252082472251     
   73.8000000000000        1.82012770693247       0.199418058557312     
   73.9000000000000        1.91707868660497       0.180289018366456     
   74.0000000000000        1.82421063697172       0.152255181313743     
   74.1000000000000        1.98754611875883       0.216061518875511     
   74.2000000000000        1.71663634952913       0.159156272909995     
   74.3000000000000        2.05693124653858       0.182844224598077     
   74.4000000000000        1.87325953601053       0.174221342773695     
   74.5000000000000        1.91936495508201       0.183708326947562     
   74.6000000000000        2.14130803160406       0.245322932547816     
   74.7000000000000        1.86737216327494       0.188711107015449     
   74.8000000000000        1.82593254923096       0.225197618360907     
   74.9000000000000        1.89486532167803       0.208774782324002     
   75.0000000000000        1.69100311687818       0.240571568132596     
   75.1000000000000        1.86544719180127       0.232197775541218     
   75.2000000000000        1.70780636658827       0.260242879742588     
   75.3000000000000        1.63869623962905       0.180849859525541     
   75.4000000000000        1.85791481252303       0.219565076242884     
   75.5000000000000        1.83906998650057       0.166355740671610     
   75.6000000000000        1.77472822341179       0.186079108504061     
   75.7000000000000        2.02352163936114       0.214317857478243     
   75.8000000000000        2.06062042500844       0.229284166085981     
   75.9000000000000        1.86608859180544       0.216391099160214     
   76.0000000000000        1.95497001715300       0.215310464261822     
   76.1000000000000        1.99484584873358       0.215981853918588     
   76.2000000000000        2.03462807278242       0.206844286099940     
   76.3000000000000        1.86633508665347       0.190782427018324     
   76.4000000000000        1.97390721718656       0.206770730212199     
   76.5000000000000        1.95158122262510       0.177975248781984     
   76.6000000000000        1.90214734793121       0.185976814354888     
   76.7000000000000        1.66742384891432       0.158123776203713     
   76.8000000000000        1.88823002564279       0.200530148224556     
   76.9000000000000        1.88291367413548       0.194031163866946     
   77.0000000000000        1.81746734073268       0.166569320789124     
   77.1000000000000        1.69582800700392       0.147219535560666     
   77.2000000000000        1.79144251149480       0.199563947346021     
   77.3000000000000        2.08372667863277       0.197653889948561     
   77.4000000000000        1.72702146939089       0.165758989268547     
   77.5000000000000        1.92656854923478       0.186250153011219     
   77.6000000000000        1.87920011799763       0.189630966661253     
   77.7000000000000        1.84482631858699       0.189787208248728     
   77.8000000000000        1.95267476572160       0.245022668920432     
   77.9000000000000        2.04040535934845       0.192619328789925     
   78.0000000000000        1.88693783055875       0.177328522333519     
   78.1000000000000        1.91647060778557       0.197514354663776     
   78.2000000000000        1.95408399187831       0.235943321220668     
   78.3000000000000        1.83898812125905       0.216745235494297     
   78.4000000000000        2.00157929229705       0.198705927290382     
   78.5000000000000        1.59913778398244       0.174421396416914     
   78.6000000000000        1.82422180629720       0.163668545942621     
   78.7000000000000        1.70606634043175       0.168044762877890     
   78.8000000000000        1.77513179622416       0.198091132131584     
   78.9000000000000        2.01706255851308       0.207912311978394     
   79.0000000000000        1.88956901545517       0.220972655051688     
   79.1000000000000        1.77653575498064       0.231612148191229     
   79.2000000000000        1.95858065497087       0.187766030132797     
   79.3000000000000        2.11533086640030       0.234544202309455     
   79.4000000000000        2.18970443965348       0.248037877279171     
   79.5000000000000        1.60896665902726       0.194515565501640     
   79.6000000000000        1.98684397939499       0.205809726377147     
   79.7000000000000        2.03274742725655       0.211551263110024     
   79.8000000000000        1.72464502830089       0.179321566552241     
   79.9000000000000        1.79630486894456       0.184734058188862     
   80.0000000000000        1.76852247989405       0.157116570462409     
   80.1000000000000        1.95866324262897       0.213479620001669     
   80.2000000000000        2.04292149482269       0.215230446852140     
   80.3000000000000        1.70450186747345       0.151753483761995     
   80.4000000000000        1.83340453222902       0.222020292518080     
   80.5000000000000        1.87963668302587       0.211388936165655     
   80.6000000000000        1.83521742170390       0.182153555120148     
   80.7000000000000        1.66637439707792       0.156338790837452     
   80.8000000000000        1.66615425261269       0.175873058476193     
   80.9000000000000        1.74090893139654       0.189759054442420     
   81.0000000000000        1.79417138071849       0.169072607563499     
   81.1000000000000        1.86378050848555       0.219251976319391     
   81.2000000000000        2.00550234843609       0.222993046446585     
   81.3000000000000        1.75924300546438       0.188081207217193     
   81.4000000000000        1.96431074565375       0.227710352550147     
   81.5000000000000        1.88260651458791       0.278077391635948     
   81.6000000000000        2.07556221703740       0.230958760543128     
   81.7000000000000        1.91173110150232       0.218526782610057     
   81.8000000000000        1.76976151743116       0.208810860377568     
   81.9000000000000        1.92588704779629       0.194384586014395     
   82.0000000000000        1.91121047808473       0.221478061545683     
   82.1000000000000        1.92769235967225       0.188708646346049     
   82.2000000000000        1.90153658299770       0.179404439296637     
   82.3000000000000        1.76186376625446       0.185355441210816     
   82.4000000000000        1.56111538906030       0.138421168156537     
   82.5000000000000        1.81235823751336       0.146481648370695     
   82.6000000000000        1.89314557884911       0.156863383323735     
   82.7000000000000        1.90724919075108       0.170575728572103     
   82.8000000000000        1.72183798029275       0.164016462144062     
   82.9000000000000        1.75885910179647       0.150569104426182     
   83.0000000000000        2.08355719368934       0.207575440722215     
   83.1000000000000        1.64998016380946       0.189192377243157     
   83.2000000000000        1.82486634765536       0.191339082566681     
   83.3000000000000        2.08602709725930       0.215110167827489     
   83.4000000000000        1.82626324783126       0.184007095491118     
   83.5000000000000        1.99383936154117       0.200980759625631     
   83.6000000000000        1.88793215415777       0.174728692842373     
   83.7000000000000        1.67360549226220       0.173074516824928     
   83.8000000000000        1.87963101638452       0.188058564216058     
   83.9000000000000        2.01685965507444       0.224698439460964     
   84.0000000000000        1.66486308505690       0.211387724650676     
   84.1000000000000        1.79684526197901       0.179980794548465     
   84.2000000000000        1.69508130787917       0.177320714561068     
   84.3000000000000        2.03937274517958       0.181547197911208     
   84.4000000000000        1.99275467779702       0.216101042726955     
   84.5000000000000        1.94116036113351       0.164632602382703     
   84.6000000000000        1.75728175751671       0.158305911913609     
   84.7000000000000        1.78309910205157       0.172807857514672     
   84.8000000000000        1.85728461852598       0.183576177357206     
   84.9000000000000        1.89705735991614       0.182604173332710     
   85.0000000000000        1.88172710491250       0.212386227114922     
   85.1000000000000        1.76492783990055       0.229741944734810     
   85.2000000000000        1.87714098389582       0.177715191521030     
   85.3000000000000        2.12378590349433       0.218655171462977     
   85.4000000000000        2.00670513785143       0.237358932746886     
   85.5000000000000        2.06184215116177       0.184819151897663     
   85.6000000000000        1.91896043285510       0.175729804039736     
   85.7000000000000        1.82448151701217       0.213532391777420     
   85.8000000000000        1.94068419389179       0.217752469497277     
   85.9000000000000        1.92973240240803       0.194916375299583     
   86.0000000000000        1.82488725628039       0.201687271905791     
   86.1000000000000        1.88902456504204       0.194585259666445     
   86.2000000000000        1.90856378508462       0.218473956124148     
   86.3000000000000        1.91602955227183       0.201202777407285     
   86.4000000000000        1.86195733453850       0.212475576940423     
   86.5000000000000        1.74866404470996       0.203134955484216     
   86.6000000000000        1.75441667090388       0.221894067499703     
   86.7000000000000        1.86343245934745       0.183015895184747     
   86.8000000000000        1.50154104950183       0.158800929116654     
   86.9000000000000        1.72872577611866       0.157780085515889     
   87.0000000000000        1.81836254907646       0.188064337035510     
   87.1000000000000        1.99627629957789       0.201012907991395     
   87.2000000000000        1.85712549847927       0.162634821118113     
   87.3000000000000        1.82502203492354       0.199624171514710     
   87.4000000000000        1.77818235268426       0.173670024226169     
   87.5000000000000        1.78443203728084       0.185304160705040     
   87.6000000000000        1.74351316422900       0.162140050451156     
   87.7000000000000        1.69289894604952       0.178705092664450     
   87.8000000000000        1.65972891045997       0.174095267311811     
   87.9000000000000        1.91196465709730       0.187710526252364     
   88.0000000000000        1.72267004372407       0.203947914894467     
   88.1000000000000        2.10184911712406       0.195299533035352     
   88.2000000000000        1.93196358545832       0.176616315462903     
   88.3000000000000        1.81944226649731       0.163927337911679     
   88.4000000000000        1.97829705115516       0.193450160113026     
   88.5000000000000        1.97355897061548       0.204529029296846     
   88.6000000000000        1.97518509939785       0.182901974381749     
   88.7000000000000        1.97436718312473       0.181479865339761     
   88.8000000000000        1.81523557783567       0.152754805018138     
   88.9000000000000        1.77874524053760       0.156404731115584     
   89.0000000000000        1.77735053171694       0.173532254324655     
   89.1000000000000        1.70716745340094       0.161160390413095     
   89.2000000000000        1.93188049861283       0.209988256484309     
   89.3000000000000        1.96179810065097       0.211394377273977     
   89.4000000000000        1.88670524346037       0.254983534361199     
   89.5000000000000        1.60213936069813       0.159135465136001     
   89.6000000000000        1.86571570648091       0.209781665597343     
   89.7000000000000        1.65692457733233       0.202876062351427     
   89.8000000000000        1.83255979032684       0.249774752157015     
   89.9000000000000        1.76611888109220       0.210056829700248     
   90.0000000000000        1.99409000162835       0.234888351618200     
   90.1000000000000        1.72160533746128       0.189866103806107     
   90.2000000000000        1.65527169174391       0.177451076856746     
   90.3000000000000        1.77400076673631       0.181903727434643     
   90.4000000000000        1.83762354402813       0.186354033504163     
   90.5000000000000        1.99513403221105       0.217820862385713     
   90.6000000000000        1.97067370532475       0.211831957299935     
   90.7000000000000        2.04086749975896       0.228710232149700     
   90.8000000000000        1.84899865968157       0.221814646625526     
   90.9000000000000        1.67171241289618       0.175892560467812     
   91.0000000000000        1.75963370026354       0.167337924706148     
   91.1000000000000        2.11363738352694       0.214211089171151     
   91.2000000000000        1.55612742344533       0.133543094809267     
   91.3000000000000        1.68380283320517       0.173454559054265     
   91.4000000000000        1.59149206050041       0.136040798519228     
   91.5000000000000        1.92908786367004       0.204141743166496     
   91.6000000000000        2.04119851317945       0.193977672871109     
   91.7000000000000        2.01150583042045       0.228612511120175     
   91.8000000000000        1.74129462249924       0.238057202598221     
   91.9000000000000        1.91189097737935       0.256179864213756     
   92.0000000000000        1.79402975755263       0.235240858142202     
   92.1000000000000        1.72002133111316       0.197376460553760     
   92.2000000000000        1.77859113101730       0.238311325088704     
   92.3000000000000        2.06145495131636       0.255785108104364     
   92.4000000000000        1.95769897344780       0.208629574704721     
   92.5000000000000        1.48206328925728       0.199354331664332     
   92.6000000000000        1.99951302484570       0.270058196125680     
   92.7000000000000        1.78663988837862       0.218286915737046     
   92.8000000000000        1.87753875977444       0.232505437944070     
   92.9000000000000        1.72926110412337       0.227815246831037     
   93.0000000000000        1.69097521618129       0.199388494407324     
   93.1000000000000        1.76322072489609       0.222893755034974     
   93.2000000000000        1.73778703880405       0.241326520070349     
   93.3000000000000        1.78155305686677       0.232087677368019     
   93.4000000000000        1.88406281614474       0.223041169586402     
   93.5000000000000        1.87469631028758       0.262116262362929     
   93.6000000000000        1.72871880961614       0.211485125896130     
   93.7000000000000        1.83124679798081       0.220466070399774     
   93.8000000000000        1.82048485806634       0.216427926043059     
   93.9000000000000        1.72016529326617       0.212401320179433     
   94.0000000000000        1.95931602648379       0.244420128690761     
   94.1000000000000        2.20967237504756       0.275449944937943     
   94.2000000000000        1.83067956365573       0.235669655817936     
   94.3000000000000        1.70543880520428       0.235143502608697     
   94.4000000000000        1.72438319603937       0.230524514335278     
   94.5000000000000        1.89421808069365       0.227602017417309     
   94.6000000000000        1.83229351854063       0.244236605042786     
   94.7000000000000        1.50196487198924       0.168484778289252     
   94.8000000000000        1.71763082342924       0.168674667346086     
   94.9000000000000        1.93964730020677       0.239162303256621     
   95.0000000000000        1.90952992387168       0.232398399662978     
   95.1000000000000        1.53053442705303       0.156340198694713     
   95.2000000000000        1.83487943883661       0.229764019384091     
   95.3000000000000        2.08395030146858       0.220527119413221     
   95.4000000000000        1.87292074131423       0.181191487170536     
   95.5000000000000        2.03787495696988       0.283807182012065     
   95.6000000000000        1.75508526806959       0.246483414138060     
   95.7000000000000        2.04942781822637       0.254449008165520     
   95.8000000000000        1.82329223263500       0.184818389042245     
   95.9000000000000        1.64529861975885       0.164518609860320     
   96.0000000000000        1.89464657222070       0.180821950252756     
   96.1000000000000        1.83000443242523       0.156760275975368     
   96.2000000000000        1.75926072877660       0.197332505525206     
   96.3000000000000        1.72100663355238       0.172700620486387     
   96.4000000000000        1.81545136684648       0.212625980687218     
   96.5000000000000        1.67960531609155       0.178884080300042     
   96.6000000000000        1.77112737081881       0.187223496117499     
   96.7000000000000        1.90800304354958       0.178775431901062     
   96.8000000000000        1.82777340479431       0.180484162371975     
   96.9000000000000        2.01412280540859       0.183680422213708     
   97.0000000000000        1.86918656474719       0.187650846472143     
   97.1000000000000        1.78900374039301       0.194100886606481     
   97.2000000000000        1.84059865522429       0.192401621225180     
   97.3000000000000        1.91114690243998       0.217858443371312     
   97.4000000000000        1.70180272786048       0.187783046095772     
   97.5000000000000        1.98084929572738       0.224927290383899     
   97.6000000000000        2.03361813843803       0.269202053273803     
   97.7000000000000        1.67303353855492       0.185460387708757     
   97.8000000000000        1.86007887830577       0.241548338437230     
   97.9000000000000        1.80240606125237       0.220069616271842     
   98.0000000000000        1.79915476877050       0.190530979256715     
   98.1000000000000        1.77167600471546       0.223549648530290     
   98.2000000000000        1.69247514306444       0.163658807656964     
   98.3000000000000        1.99579452353584       0.257722117202679     
   98.4000000000000        1.97774999516337       0.262082851443928     
   98.5000000000000        1.93296594832470       0.252201897787406     
   98.6000000000000        1.86600785967125       0.190538043178198     
   98.7000000000000        1.87469980156507       0.225481789791000     
   98.8000000000000        1.60233572289225       0.169565154623822     
   98.9000000000000        1.87622912891779       0.182732192135801     
   99.0000000000000        1.90572643260980       0.183007982943216     
   99.1000000000000        2.03587310513836       0.193748287304412     
   99.2000000000000        1.85448242670374       0.169929378671731     
   99.3000000000000        1.83220289852618       0.171365348524265     
   99.4000000000000        1.59540247883126       0.101056476186157     
   99.5000000000000        1.92529227003894       0.141732572883649     
   99.6000000000000        1.94151346062731       0.186899908165120     
   99.7000000000000        1.95094086245776       0.187335840150050     
   99.8000000000000        1.83945222749378       0.156884146899873     
   99.9000000000000        1.98285303551690       0.177145548826408     
   100.000000000000        1.63141569459003       0.153597557580085     
