  0.100000000000000        316.842752938671       -73.6044713961397     
  0.200000000000000        349.047738760966       -73.5180065645175     
  0.300000000000000        351.002421714125       -71.0112175825831     
  0.400000000000000        329.859055448188       -75.0704139064263     
  0.500000000000000        302.108886909894       -72.5088481014237     
  0.600000000000000        320.906855580226       -65.7378178566249     
  0.700000000000000        369.047872290492       -67.4013692138168     
  0.800000000000000        352.219679855861       -72.1866849483196     
  0.900000000000000        332.066621876017       -73.3117676402123     
   1.00000000000000        381.224594833942       -78.1676108416053     
   1.10000000000000        343.029628182173       -73.6147043190102     
   1.20000000000000        353.104728468437       -74.3350986992012     
   1.30000000000000        345.432157119257       -78.4668304585000     
   1.40000000000000        313.231713930550       -76.1749769734178     
   1.50000000000000        360.889957279542       -76.0367219430307     
   1.60000000000000        334.986710997930       -74.6949691296930     
   1.70000000000000        319.279610629071       -68.7307814346212     
   1.80000000000000        328.486309389354       -70.8393874091508     
   1.90000000000000        328.350904618347       -76.8101390019132     
   2.00000000000000        322.045761085627       -72.2250300639353     
   2.10000000000000        358.269655732176       -65.7718667809311     
   2.20000000000000        360.268489399073       -80.7269941638398     
   2.30000000000000        266.855141435382       -75.1194031302101     
   2.40000000000000        299.971448116547       -76.5354690638452     
   2.50000000000000        297.495643838377       -70.1952676496132     
   2.60000000000000        351.479209349928       -77.4680156329311     
   2.70000000000000        315.074216651105       -72.8690514714951     
   2.80000000000000        307.562483555990       -75.1513630535271     
   2.90000000000000        380.124004188371       -75.9208168937941     
   3.00000000000000        338.913090159165       -71.2199909374743     
   3.10000000000000        311.224603173302       -75.3033384902872     
   3.20000000000000        324.946547979258       -70.9770931671144     
   3.30000000000000        393.288921765846       -74.7853139029056     
   3.40000000000000        337.730945350955       -70.1802181294012     
   3.50000000000000        307.106835467447       -71.5392411703039     
   3.60000000000000        370.776497034547       -75.8822521423687     
   3.70000000000000        348.490897628222       -75.8557868253084     
   3.80000000000000        349.039991487266       -74.5251153351951     
   3.90000000000000        304.476542534645       -73.6309409342707     
   4.00000000000000        358.337899917236       -77.1848749060416     
   4.10000000000000        370.560568192095       -75.2171616953689     
   4.20000000000000        367.180355598492       -63.9873228386534     
   4.30000000000000        375.445533024978       -68.3968437029740     
   4.40000000000000        417.908885822584       -65.6283623229826     
   4.50000000000000        350.149187860950       -68.8170457196716     
   4.60000000000000        318.766766558206       -71.1592508263284     
   4.70000000000000        323.670575358831       -70.1804501485693     
   4.80000000000000        354.402763313003       -73.9970006955394     
   4.90000000000000        313.598263884524       -69.2430033228863     
   5.00000000000000        322.266124996894       -78.9673309030993     
   5.10000000000000        343.818997158131       -79.6119377825446     
   5.20000000000000        322.372082958409       -80.0648933893327     
   5.30000000000000        301.320842842831       -79.8979788763390     
   5.40000000000000        364.836623078938       -76.6995473745568     
   5.50000000000000        327.351371211086       -79.8752149703212     
   5.60000000000000        322.775276369153       -76.4050258140383     
   5.70000000000000        317.278248594564       -77.4871349283771     
   5.80000000000000        319.842397517081       -79.0036562138033     
   5.90000000000000        330.888441127327       -83.6500486338250     
   6.00000000000000        328.661035725477       -81.9687671305265     
   6.10000000000000        333.334284500053       -76.4021551769065     
   6.20000000000000        330.893113665592       -75.0067068290851     
   6.30000000000000        303.640144555178       -79.2982065299303     
   6.40000000000000        355.004270493394       -84.4057725125856     
   6.50000000000000        328.982096721005       -81.3042409438684     
   6.60000000000000        366.812043028098       -81.4930270634815     
   6.70000000000000        325.166544574470       -81.4770323610890     
   6.80000000000000        295.918628319318       -83.1876848107587     
   6.90000000000000        354.140368388132       -77.7970544455703     
   7.00000000000000        318.075835235980       -76.7280089894649     
   7.10000000000000        350.256426945478       -79.1547309999898     
   7.20000000000000        317.294817575502       -80.9667391091880     
   7.30000000000000        352.933585010828       -78.1247443049672     
   7.40000000000000        408.326633515999       -86.5553780120648     
   7.50000000000000        299.920390523310       -83.6267438161327     
   7.60000000000000        347.509380673806       -82.5128144554411     
   7.70000000000000        340.564441458515       -80.1958108067028     
   7.80000000000000        367.084134954048       -84.0087154283764     
   7.90000000000000        336.670182622882       -78.7428889947672     
   8.00000000000000        383.293559663781       -86.7047797466797     
   8.10000000000000        346.753118381818       -83.6270797119622     
   8.20000000000000        349.269288910896       -81.0791013064795     
   8.30000000000000        366.207096888106       -83.7221386141069     
   8.40000000000000        320.521025909855       -83.0719340330541     
   8.50000000000000        349.818490239433       -75.2550953116635     
   8.60000000000000        311.776069335593       -81.8356677061758     
   8.70000000000000        335.946802426007       -86.6940787320894     
   8.80000000000000        300.783838955623       -81.6050503738408     
   8.90000000000000        351.347907674288       -80.8992710347132     
   9.00000000000000        359.577750806230       -82.7028116075486     
   9.10000000000000        343.156504965521       -82.5201247143897     
   9.20000000000000        333.515124580693       -82.5892840443342     
   9.30000000000000        386.258423998442       -84.1021660557518     
   9.40000000000000        340.009796888631       -82.0037771663145     
   9.50000000000000        370.819149372018       -83.1981214650805     
   9.60000000000000        395.754878407746       -70.7571061635674     
   9.70000000000000        417.042484604552       -78.2377029279102     
   9.80000000000000        352.413375721244       -81.8275462621225     
   9.90000000000000        354.155914242739       -83.5214200426658     
   10.0000000000000        324.246965219641       -82.1725521987483     
   10.1000000000000        362.306215056321       -87.8763047208818     
   10.2000000000000        333.952596673800       -81.5392978671653     
   10.3000000000000        352.841901717142       -81.5577400549925     
   10.4000000000000        376.461693670484       -82.6162388706441     
   10.5000000000000        328.559719636961       -84.4339330155435     
   10.6000000000000        361.246544792287       -83.2223854500601     
   10.7000000000000        321.788692768383       -86.6487434274230     
   10.8000000000000        327.199410947594       -86.3579580246957     
   10.9000000000000        360.210329762927       -79.5722577199639     
   11.0000000000000        338.396843978145       -85.0674652220842     
   11.1000000000000        363.336142280392       -82.8366293236610     
   11.2000000000000        288.577215540423       -85.0700264643550     
   11.3000000000000        358.034118959532       -89.4659891280725     
   11.4000000000000        343.425476550647       -93.6998421942820     
   11.5000000000000        350.929381228137       -84.1417485223553     
   11.6000000000000        304.355712361231       -87.3006816162268     
   11.7000000000000        321.496394770321       -80.4041616319631     
   11.8000000000000        309.988589717935       -77.9485486099237     
   11.9000000000000        335.317555933924       -87.5279174139782     
   12.0000000000000        346.317669397818       -90.4982329026232     
   12.1000000000000        313.527353404323       -85.9931102662770     
   12.2000000000000        352.185917027618       -88.5038999318348     
   12.3000000000000        367.085327203121       -85.4096243300474     
   12.4000000000000        302.286717632452       -83.3554578009163     
   12.5000000000000        301.408395938973       -88.5280136638532     
   12.6000000000000        365.139823130456       -79.7343095974213     
   12.7000000000000        308.270981504890       -82.3738296540085     
   12.8000000000000        344.935872657215       -83.9621778597827     
   12.9000000000000        369.934114989454       -81.1886722653507     
   13.0000000000000        325.317393113317       -74.6158907306369     
   13.1000000000000        332.013645972908       -75.2579524741496     
   13.2000000000000        341.788127473418       -85.5075711696670     
   13.3000000000000        293.799442259987       -93.1550646639212     
   13.4000000000000        359.648908900079       -89.2448146610496     
   13.5000000000000        352.183527064374       -87.0373049181874     
   13.6000000000000        336.667977306840       -88.2644977551279     
   13.7000000000000        358.009262987966       -90.0086621003034     
   13.8000000000000        376.725836178348       -76.8110680550252     
   13.9000000000000        373.234637794385       -81.9328111435931     
   14.0000000000000        393.211248538188       -80.6837738684778     
   14.1000000000000        365.933369706205       -80.5792603473871     
   14.2000000000000        318.873711518840       -75.5686173332007     
   14.3000000000000        371.175155890214       -87.2657186070547     
   14.4000000000000        320.242271993819       -87.6985911662384     
   14.5000000000000        357.912482177409       -83.4727690765091     
   14.6000000000000        355.356285412229       -87.1804348095152     
   14.7000000000000        343.663301369473       -90.2967819243119     
   14.8000000000000        368.562728621209       -82.9733436093952     
   14.9000000000000        359.180112874867       -80.6031091178342     
   15.0000000000000        337.996145220589       -82.9082285763021     
   15.1000000000000        357.283115852422       -85.4781220528211     
   15.2000000000000        309.719587682757       -83.1848929545043     
   15.3000000000000        337.095025928103       -84.1762966549068     
   15.4000000000000        384.402543439685       -81.6605067704766     
   15.5000000000000        350.660957633712       -79.2222868298173     
   15.6000000000000        355.615696520599       -81.7409690687095     
   15.7000000000000        311.098909473644       -78.9372741242729     
   15.8000000000000        374.566030083577       -85.2301463070506     
   15.9000000000000        342.001933489183       -78.6880619428626     
   16.0000000000000        316.252545404404       -80.8047957299641     
   16.1000000000000        304.846478278363       -84.4630046000483     
   16.2000000000000        343.918908320689       -90.7974233760105     
   16.3000000000000        307.948190470698       -88.5757077189475     
   16.4000000000000        365.300218373239       -91.0465125159908     
   16.5000000000000        314.793058448759       -91.7187790453429     
   16.6000000000000        371.191916914932       -89.8085663214909     
   16.7000000000000        327.695162851201       -93.1643155867494     
   16.8000000000000        281.477705867928       -88.3507533766647     
   16.9000000000000        373.091778943328       -78.7708478847236     
   17.0000000000000        370.810070485528       -85.2848529815071     
   17.1000000000000        349.214830495033       -85.8994448153803     
   17.2000000000000        367.658613354522       -85.6704309549493     
   17.3000000000000        334.291876273159       -80.5562245249055     
   17.4000000000000        336.843395960584       -74.6537115156908     
   17.5000000000000        402.778300291088       -79.6592822731471     
   17.6000000000000        332.092031568150       -77.6164372998499     
   17.7000000000000        344.329311482415       -79.0408233522048     
   17.8000000000000        313.399364276988       -75.3435518644943     
   17.9000000000000        361.819540227647       -77.7060272648148     
   18.0000000000000        412.976098909825       -79.2782229373986     
   18.1000000000000        306.519247516409       -76.4137378082693     
   18.2000000000000        400.502162008170       -76.1222428794336     
   18.3000000000000        362.237166075098       -80.5205306414652     
   18.4000000000000        318.314729896170       -78.1592268222587     
   18.5000000000000        339.378446887097       -76.5682998170869     
   18.6000000000000        337.679037757027       -77.9630943756245     
   18.7000000000000        334.221951084498       -82.2382722157229     
   18.8000000000000        330.327325830761       -76.8282469965785     
   18.9000000000000        321.018358890247       -72.6045832827358     
   19.0000000000000        373.967085841473       -75.1672165275812     
   19.1000000000000        334.359097233479       -80.8109397922490     
   19.2000000000000        321.687528786945       -72.8179105719708     
   19.3000000000000        361.831095479122       -75.9600016512465     
   19.4000000000000        367.178221093120       -77.1354508132813     
   19.5000000000000        340.388969235914       -73.4209536516717     
   19.6000000000000        355.725332575017       -84.4731236713690     
   19.7000000000000        366.038583955723       -79.8424200501698     
   19.8000000000000        391.540119019941       -83.6744737927167     
   19.9000000000000        349.676500451132       -85.0486546730029     
   20.0000000000000        332.115114377880       -85.5505697879118     
   20.1000000000000        292.990119952051       -84.5256774728148     
   20.2000000000000        357.664755063206       -81.8896036402185     
   20.3000000000000        347.236735391013       -86.1853002626800     
   20.4000000000000        375.881745074380       -85.1601722632181     
   20.5000000000000        308.257144090647       -82.9974942888722     
   20.6000000000000        368.406799961929       -88.9705715573153     
   20.7000000000000        317.674006797400       -79.9110177143421     
   20.8000000000000        324.238713855425       -76.5426752176725     
   20.9000000000000        345.557789736529       -80.9525043998418     
   21.0000000000000        355.549303056244       -78.0508797881917     
   21.1000000000000        386.163070216320       -80.2975599497651     
   21.2000000000000        348.470962322155       -79.4048654990734     
   21.3000000000000        311.790515619524       -81.8846989745994     
   21.4000000000000        360.384154056676       -76.2947400741405     
   21.5000000000000        395.669654822668       -84.7473317387938     
   21.6000000000000        360.149276545956       -82.0657381049607     
   21.7000000000000        325.239260456104       -81.8286323526644     
   21.8000000000000        327.643256522096       -81.8896858938474     
   21.9000000000000        383.920995785692       -82.8701114478448     
   22.0000000000000        342.014115058882       -76.1914144739798     
   22.1000000000000        333.543767943288       -80.8231701409012     
   22.2000000000000        349.320803350978       -82.8709318291771     
   22.3000000000000        338.185939806783       -85.8294910057812     
   22.4000000000000        374.661255030093       -81.0505961327211     
   22.5000000000000        378.295361481420       -74.3887975754322     
   22.6000000000000        337.695488887155       -82.2280458657304     
   22.7000000000000        344.362907369379       -85.9031773888816     
   22.8000000000000        310.025133473128       -79.1970974182317     
   22.9000000000000        315.065026838414       -77.1914543660634     
   23.0000000000000        314.098793237777       -83.5420637714599     
   23.1000000000000        389.123088113580       -74.8989009385345     
   23.2000000000000        360.005555258772       -77.8857781208009     
   23.3000000000000        333.829546235984       -79.7398872818768     
   23.4000000000000        379.516852006381       -77.4617329817299     
   23.5000000000000        314.193770845702       -73.5461973811253     
   23.6000000000000        315.102014667755       -66.7973246849439     
   23.7000000000000        341.636701388000       -79.5781375385355     
   23.8000000000000        301.089660362670       -77.0030767169789     
   23.9000000000000        345.608097036291       -74.9020522063311     
   24.0000000000000        289.385524877946       -76.1479257988481     
   24.1000000000000        362.581257053535       -77.6324271648158     
   24.2000000000000        359.117668653846       -67.8436167480474     
   24.3000000000000        329.214551849113       -74.0615761546420     
   24.4000000000000        361.348234040916       -80.1341531080569     
   24.5000000000000        351.050271170372       -79.5766935210081     
   24.6000000000000        367.363029416216       -77.1780632966057     
   24.7000000000000        349.859385191375       -83.2802373564044     
   24.8000000000000        360.475989276207       -80.2666059945840     
   24.9000000000000        344.440962116280       -74.3134697935073     
   25.0000000000000        363.968933304730       -82.0564237394005     
   25.1000000000000        348.193622907045       -79.4710955013108     
   25.2000000000000        355.948591077453       -79.9843330107757     
   25.3000000000000        316.965692610404       -69.7430822386121     
   25.4000000000000        335.418383816720       -75.1166084598386     
   25.5000000000000        316.986004384375       -73.4100844629319     
   25.6000000000000        352.755500038838       -76.0452689692479     
   25.7000000000000        338.757989293398       -78.7181470746554     
   25.8000000000000        348.346577488658       -76.2954906008872     
   25.9000000000000        373.002497203838       -83.3752769120437     
   26.0000000000000        361.558514066058       -79.3239192805932     
   26.1000000000000        340.572535269977       -76.8771125303009     
   26.2000000000000        336.592461423790       -77.8442015003686     
   26.3000000000000        330.925677449191       -71.0058352768139     
   26.4000000000000        324.845132032787       -71.8691074017914     
   26.5000000000000        378.129077491704       -79.2772744661441     
   26.6000000000000        374.202118460974       -82.0517023328718     
   26.7000000000000        350.757749627296       -77.3614395921455     
   26.8000000000000        327.119468179279       -77.8552603872844     
   26.9000000000000        330.355116636723       -84.9263957388983     
   27.0000000000000        333.287746175359       -82.8843775608387     
   27.1000000000000        345.849175642917       -81.7715467939795     
   27.2000000000000        316.641472262302       -68.5773747839939     
   27.3000000000000        363.787603927637       -76.0458971106210     
   27.4000000000000        342.274229846698       -71.3436546210033     
   27.5000000000000        365.180084182285       -66.4781445541379     
   27.6000000000000        354.710945432910       -67.9864690612524     
   27.7000000000000        350.213064963747       -73.3755358533006     
   27.8000000000000        324.964893783514       -83.3976560299031     
   27.9000000000000        334.888871208449       -86.2817467025178     
   28.0000000000000        341.545323262434       -82.3307220410500     
   28.1000000000000        352.479880487723       -75.4627077295194     
   28.2000000000000        355.971496643962       -71.4495067709197     
   28.3000000000000        368.158899474756       -78.3104730804986     
   28.4000000000000        342.359680113183       -75.8961324243558     
   28.5000000000000        327.704514522800       -80.8705452872568     
   28.6000000000000        338.292461102305       -77.2007132833445     
   28.7000000000000        349.512123480379       -75.8367995745224     
   28.8000000000000        303.135849693229       -74.8669623700646     
   28.9000000000000        357.272761375092       -81.8187263534142     
   29.0000000000000        380.789171876191       -78.7349425733906     
   29.1000000000000        337.378099437877       -78.1019304485014     
   29.2000000000000        375.612933038473       -82.6997539480188     
   29.3000000000000        362.009344703905       -82.8125602626235     
   29.4000000000000        323.963861207746       -72.1095496888432     
   29.5000000000000        386.098882425021       -75.7104739811402     
   29.6000000000000        348.513040585579       -77.1694204064286     
   29.7000000000000        370.828156314144       -78.2203133244950     
   29.8000000000000        322.079565298039       -83.3410263995344     
   29.9000000000000        351.268448216917       -76.5129555731293     
   30.0000000000000        330.323029419895       -79.5333480063531     
   30.1000000000000        344.626436078592       -73.7781855550498     
   30.2000000000000        304.593121146272       -75.9939532052828     
   30.3000000000000        345.524674974239       -86.5567606134308     
   30.4000000000000        355.923780791891       -85.8272181750993     
   30.5000000000000        353.365632886899       -82.5412880803269     
   30.6000000000000        369.732143860328       -84.3183922831753     
   30.7000000000000        406.638270926331       -86.4356388919758     
   30.8000000000000        355.748543392171       -84.8725391452154     
   30.9000000000000        381.093522274863       -81.0966294097068     
   31.0000000000000        326.864971680076       -72.6167262704611     
   31.1000000000000        325.502898165583       -76.2009062287339     
   31.2000000000000        332.183326054241       -80.1513525922330     
   31.3000000000000        342.176344472828       -80.6828978266979     
   31.4000000000000        375.047250354575       -84.8226650181834     
   31.5000000000000        353.779283026455       -81.6245937705202     
   31.6000000000000        378.750723286771       -86.0261913402539     
   31.7000000000000        331.292556523519       -77.5383768361970     
   31.8000000000000        278.884074295877       -77.4470419052970     
   31.9000000000000        344.611700526839       -78.6297931042700     
   32.0000000000000        348.913754166135       -82.5178217992210     
   32.1000000000000        362.386041152577       -81.7560472393752     
   32.2000000000000        358.840038305536       -86.6414764261564     
   32.3000000000000        323.328028864211       -86.2027994487473     
   32.4000000000000        336.518508836847       -83.8068868727228     
   32.5000000000000        355.575773620645       -75.2353838851854     
   32.6000000000000        366.308997202944       -77.7003613183704     
   32.7000000000000        370.145967633569       -79.6265860723557     
   32.8000000000000        375.717913566202       -85.3878466564286     
   32.9000000000000        285.802215693369       -86.5107160229667     
   33.0000000000000        307.214683865337       -66.9125661272730     
   33.1000000000000        377.639971324227       -77.3734845349984     
   33.2000000000000        376.035497393977       -74.8915269933520     
   33.3000000000000        421.794520236205       -82.5904603030622     
   33.4000000000000        369.845156634030       -77.3340823056903     
   33.5000000000000        315.527844135173       -83.2993376547334     
   33.6000000000000        341.631859755565       -83.1170356508056     
   33.7000000000000        347.599022014542       -83.0995161395825     
   33.8000000000000        372.277707873745       -84.4463652626314     
   33.9000000000000        344.942974274541       -82.8037700926412     
   34.0000000000000        398.964420989976       -87.2704095643716     
   34.1000000000000        328.776452661255       -78.8148936378320     
   34.2000000000000        329.413726662071       -83.3586322893011     
   34.3000000000000        325.940290417889       -84.9916389930857     
   34.4000000000000        380.070191986907       -81.4998449850706     
   34.5000000000000        401.109611762355       -64.5671891458228     
   34.6000000000000        383.025443801920       -75.4545706758014     
   34.7000000000000        325.818786747290       -61.6714481243771     
   34.8000000000000        366.057413324581       -80.2626728830513     
   34.9000000000000        321.188150721736       -74.9512609630159     
   35.0000000000000        342.903213455847       -77.5271174426844     
   35.1000000000000        327.424276264910       -71.9180943888927     
   35.2000000000000        328.433460134415       -79.5792074960673     
   35.3000000000000        354.971173240214       -79.5788079839355     
   35.4000000000000        346.772198196024       -73.9474188752100     
   35.5000000000000        363.570298470117       -79.6191850109793     
   35.6000000000000        340.950376031318       -83.4816016581109     
   35.7000000000000        350.180799099923       -78.6791654994181     
   35.8000000000000        347.609459681961       -81.0160654337718     
   35.9000000000000        304.988951128508       -81.8266570596930     
   36.0000000000000        375.171160734749       -80.4409868083819     
   36.1000000000000        379.984356104450       -74.1199161055228     
   36.2000000000000        390.003741983997       -76.3690887979106     
   36.3000000000000        338.907328444833       -75.8092545043159     
   36.4000000000000        345.501701529776       -76.7197387336842     
   36.5000000000000        351.991859174657       -77.5423795381110     
   36.6000000000000        349.880994522020       -74.3701917106286     
   36.7000000000000        374.228075019191       -69.7080277191466     
   36.8000000000000        313.826765798911       -78.8045891001237     
   36.9000000000000        374.882490180791       -75.7531999143440     
   37.0000000000000        360.863656220496       -74.5891817129293     
   37.1000000000000        339.044195690486       -71.9884921849691     
   37.2000000000000        322.287709575772       -80.5461913390454     
   37.3000000000000        333.982686119341       -79.2860326168014     
   37.4000000000000        361.096324901368       -74.2461746793951     
   37.5000000000000        345.237462654840       -81.5499407070031     
   37.6000000000000        362.240990647081       -76.4388625419250     
   37.7000000000000        324.432088362308       -75.0695586175129     
   37.8000000000000        352.549484940407       -83.0576046913004     
   37.9000000000000        365.743817817669       -74.9161071563368     
   38.0000000000000        364.045853182789       -84.0727741411248     
   38.1000000000000        354.249791196845       -83.2973524923721     
   38.2000000000000        315.622558330586       -77.9242102047287     
   38.3000000000000        300.912241920767       -75.3504130518642     
   38.4000000000000        388.787806709017       -78.7410857729972     
   38.5000000000000        329.330898942643       -69.7287780110769     
   38.6000000000000        361.956409864179       -72.0629400870898     
   38.7000000000000        355.966777926149       -72.5740105158717     
   38.8000000000000        334.543354966758       -76.6760428106442     
   38.9000000000000        347.840675211558       -72.9053164992989     
   39.0000000000000        311.622440959174       -67.6790797304387     
   39.1000000000000        339.336925394554       -74.7568431346292     
   39.2000000000000        349.703939743547       -65.2840282650278     
   39.3000000000000        349.969955295244       -79.3388389310485     
   39.4000000000000        323.582978730720       -74.9145098984831     
   39.5000000000000        360.202507572925       -78.4457878401296     
   39.6000000000000        377.184314934559       -78.7248276700797     
   39.7000000000000        359.743196347525       -74.6198736873833     
   39.8000000000000        344.971772480454       -76.9636174376835     
   39.9000000000000        371.340773491578       -75.3500761371996     
   40.0000000000000        339.984531244097       -73.4699684586963     
   40.1000000000000        349.179311694106       -66.6972593343479     
   40.2000000000000        349.512753712230       -67.3123182147622     
   40.3000000000000        294.334332107309       -66.1268467426022     
   40.4000000000000        393.660524548711       -72.6232935981190     
   40.5000000000000        361.626754239068       -59.9682866477410     
   40.6000000000000        369.757270598150       -66.9985418221467     
   40.7000000000000        381.089832824088       -66.3889178474453     
   40.8000000000000        306.216769572455       -70.5356598326272     
   40.9000000000000        315.048443226149       -69.0800216869415     
   41.0000000000000        345.955786040189       -68.3035891401615     
   41.1000000000000        377.977378046775       -66.0815789138994     
   41.2000000000000        362.911219038146       -71.9895742240378     
   41.3000000000000        393.241718524694       -68.8081636378573     
   41.4000000000000        313.804052383963       -68.1354552114771     
   41.5000000000000        406.642422188349       -75.8455722550732     
   41.6000000000000        315.598441453699       -72.4988863643123     
   41.7000000000000        315.950022271643       -70.1834865121781     
   41.8000000000000        353.548355165971       -71.2366998825628     
   41.9000000000000        351.559855491013       -74.4105030427496     
   42.0000000000000        296.917534313135       -72.0849316251553     
   42.1000000000000        363.102986101368       -70.6865587925538     
   42.2000000000000        308.824535962125       -71.6682774553301     
   42.3000000000000        356.953775902083       -69.6033794031801     
   42.4000000000000        288.598515630719       -75.9253277157723     
   42.5000000000000        338.664059403235       -71.5898899325296     
   42.6000000000000        336.331819002944       -66.4084577925765     
   42.7000000000000        347.438112404296       -77.0219377559285     
   42.8000000000000        341.908035192964       -80.1453620772698     
   42.9000000000000        318.720090415784       -72.3036812650601     
   43.0000000000000        317.332515157852       -80.8836534308907     
   43.1000000000000        309.953717235702       -81.0129154979380     
   43.2000000000000        310.805510612595       -76.4956166182834     
   43.3000000000000        347.150230382873       -77.3248732904787     
   43.4000000000000        354.398724959365       -81.2165691329716     
   43.5000000000000        385.049807357365       -85.2536690091007     
   43.6000000000000        348.816825431812       -87.5061154974086     
   43.7000000000000        372.226743363254       -82.8240895256305     
   43.8000000000000        368.342915547533       -84.0860712900705     
   43.9000000000000        333.767765450547       -82.6091072965403     
   44.0000000000000        365.215210861178       -80.4907111977103     
   44.1000000000000        381.144174898951       -80.1057683457876     
   44.2000000000000        398.816727955162       -74.7679385853885     
   44.3000000000000        306.856992776064       -74.2995974834735     
   44.4000000000000        352.292182547536       -78.9652970534968     
   44.5000000000000        360.656455243547       -75.6602764078804     
   44.6000000000000        365.101787444232       -76.6987865504778     
   44.7000000000000        285.497718109397       -77.9260412925485     
   44.8000000000000        329.885933557697       -73.9175591304619     
   44.9000000000000        337.207027050400       -75.9553380643234     
   45.0000000000000        349.263512542132       -83.5159385246664     
   45.1000000000000        394.300742040208       -74.3986272332422     
   45.2000000000000        338.080009142343       -75.7953447728886     
   45.3000000000000        363.741013032828       -77.9218667037873     
   45.4000000000000        319.887513248014       -77.3591034083947     
   45.5000000000000        301.867044617772       -78.5069604899685     
   45.6000000000000        306.523028989978       -79.3391375487232     
   45.7000000000000        378.657665991948       -80.8757361655429     
   45.8000000000000        343.328790401028       -78.4848767764744     
   45.9000000000000        335.602890776244       -75.6985126372018     
   46.0000000000000        348.927011768732       -76.5720679518253     
   46.1000000000000        335.277929950778       -77.0198744264648     
   46.2000000000000        378.842331330594       -66.2009525312134     
   46.3000000000000        364.887385205400       -74.9446533589082     
   46.4000000000000        324.951513279142       -73.0059543652872     
   46.5000000000000        335.107659465607       -73.1359588705625     
   46.6000000000000        361.441717280050       -76.9105810466428     
   46.7000000000000        344.390830206938       -72.5667193618693     
   46.8000000000000        335.664573349874       -75.6840664469969     
   46.9000000000000        307.176423336601       -67.2817518687874     
   47.0000000000000        363.231773555677       -69.5908330353931     
   47.1000000000000        367.366716310004       -69.7736385435701     
   47.2000000000000        382.150007257195       -74.1031028728637     
   47.3000000000000        307.955811024090       -74.1940960683643     
   47.4000000000000        324.593671290454       -75.3966393346898     
   47.5000000000000        339.965918653128       -77.8791747632056     
   47.6000000000000        337.016111035034       -78.2955222981177     
   47.7000000000000        326.549080433616       -78.7029610472635     
   47.8000000000000        340.421816023732       -77.1970781674885     
   47.9000000000000        326.033054884383       -74.2528239570579     
   48.0000000000000        335.325065155253       -72.5865447609324     
   48.1000000000000        323.443822501954       -77.3221032871282     
   48.2000000000000        358.097248686556       -83.3999961540256     
   48.3000000000000        418.005322653779       -86.1156800300471     
   48.4000000000000        338.363497875745       -83.4356719853041     
   48.5000000000000        377.025753952156       -79.4110384427727     
   48.6000000000000        307.764695604975       -77.0487769289429     
   48.7000000000000        360.921284168825       -72.8178183509279     
   48.8000000000000        452.030619985165       -79.6059477433423     
   48.9000000000000        341.891371339437       -80.5074036908750     
   49.0000000000000        327.967528740483       -78.4417417053151     
   49.1000000000000        370.736706447816       -80.9929683417635     
   49.2000000000000        327.901019676187       -75.3832236461556     
   49.3000000000000        322.933566693595       -78.9872152233084     
   49.4000000000000        305.594129549477       -82.0066564435039     
   49.5000000000000        321.951658307609       -74.8538513760393     
   49.6000000000000        341.329328938215       -78.5406226411590     
   49.7000000000000        355.997162734796       -78.4964221395929     
   49.8000000000000        385.380029207595       -76.5913648811666     
   49.9000000000000        313.607671472006       -75.4231092139979     
   50.0000000000000        348.579493595931       -78.6159926616982     
   50.1000000000000        326.951018133933       -75.4894734033350     
   50.2000000000000        347.007035258417       -69.6995480096111     
   50.3000000000000        362.494313542566       -68.2416978800890     
   50.4000000000000        320.487531118777       -81.1172617447925     
   50.5000000000000        362.870022495408       -75.0147018471551     
   50.6000000000000        363.365115060138       -85.3180389441678     
   50.7000000000000        339.263190485115       -77.4887647800483     
   50.8000000000000        374.556229693559       -73.4753578864267     
   50.9000000000000        359.097272171647       -69.5666087145799     
   51.0000000000000        357.245568104309       -76.5610012719564     
   51.1000000000000        342.846531194647       -83.7768603024233     
   51.2000000000000        347.961062022347       -84.8520723461840     
   51.3000000000000        342.028339771636       -80.3494878097414     
   51.4000000000000        347.294510362000       -85.1334661552665     
   51.5000000000000        315.038718325470       -74.1109950121422     
   51.6000000000000        321.408424602570       -83.0725687688198     
   51.7000000000000        320.924901959632       -78.6759748081780     
   51.8000000000000        373.439970846536       -87.0844737853061     
   51.9000000000000        334.299269245784       -78.6573275553116     
   52.0000000000000        326.003769539731       -84.3576596340799     
   52.1000000000000        304.491187482436       -77.6613969496744     
   52.2000000000000        345.780563419415       -80.3748796349879     
   52.3000000000000        384.149481484789       -74.6414367066342     
   52.4000000000000        337.535046831722       -81.5193940620210     
   52.5000000000000        360.180692760981       -79.4397368736376     
   52.6000000000000        329.587404857350       -85.3269377794142     
   52.7000000000000        350.692695237859       -72.8718253501606     
   52.8000000000000        399.065246816333       -75.5400656572288     
   52.9000000000000        341.649628965975       -78.5243519184312     
   53.0000000000000        312.092138038604       -82.1891827712812     
   53.1000000000000        307.062780178059       -85.6303727943383     
   53.2000000000000        385.355511895172       -82.8581084610119     
   53.3000000000000        423.277374930233       -85.7625595014489     
   53.4000000000000        286.072911510760       -80.8535540923812     
   53.5000000000000        333.719635489358       -89.2963675561401     
   53.6000000000000        302.163581882793       -76.3558355662318     
   53.7000000000000        303.195298116534       -87.0042044064393     
   53.8000000000000        384.082955781627       -87.0338059737814     
   53.9000000000000        342.508082785534       -86.7744672170933     
   54.0000000000000        342.561006259448       -86.3651042965272     
   54.1000000000000        383.006994105565       -81.4200323973131     
   54.2000000000000        323.039450181027       -79.9069601258120     
   54.3000000000000        338.847702511464       -80.7013313067170     
   54.4000000000000        388.066144962363       -82.4016064014192     
   54.5000000000000        358.621541764741       -77.6759411005745     
   54.6000000000000        352.079555476349       -80.4295500475085     
   54.7000000000000        339.656173203134       -75.9856686982541     
   54.8000000000000        382.269762311196       -77.2068375690099     
   54.9000000000000        336.952574047627       -74.6290627129389     
   55.0000000000000        393.777649774854       -83.3387449182891     
   55.1000000000000        360.627584267942       -74.6876488052872     
   55.2000000000000        330.497480162820       -80.4929304061772     
   55.3000000000000        365.330447006924       -80.7548717961648     
   55.4000000000000        399.109257458194       -74.4915660795461     
   55.5000000000000        361.547938430892       -80.4218943613835     
   55.6000000000000        315.516392979145       -81.8884067865024     
   55.7000000000000        345.998228216920       -82.2967492005733     
   55.8000000000000        358.509409559915       -85.0849079532220     
   55.9000000000000        344.106738706595       -86.0955218503674     
   56.0000000000000        361.721650988655       -77.0961478699822     
   56.1000000000000        337.913796240623       -73.5100806756215     
   56.2000000000000        331.024949663427       -68.8054493861246     
   56.3000000000000        382.282161682208       -71.7563955532504     
   56.4000000000000        370.997482032697       -73.4039932527758     
   56.5000000000000        358.170556946342       -77.8884491796606     
   56.6000000000000        314.770086265072       -81.3358503575951     
   56.7000000000000        342.816155073188       -75.0961194225086     
   56.8000000000000        399.658180841428       -73.1182313855589     
   56.9000000000000        345.967762287943       -72.2576665290452     
   57.0000000000000        360.508565276863       -77.9919918362150     
   57.1000000000000        334.131054273201       -69.1249699251916     
   57.2000000000000        327.883942527763       -74.5596927096233     
   57.3000000000000        323.197161958681       -80.8040487113121     
   57.4000000000000        347.012143392323       -77.1083157386435     
   57.5000000000000        351.412802682718       -81.3861255141724     
   57.6000000000000        374.774409735213       -79.2675873898813     
   57.7000000000000        354.000878087129       -81.7903324727069     
   57.8000000000000        339.455889683256       -75.4859310449748     
   57.9000000000000        333.657291757985       -73.1606314549447     
   58.0000000000000        335.890530917239       -70.7111385433879     
   58.1000000000000        357.297926592639       -85.6483790570034     
   58.2000000000000        303.861202589646       -78.6396102494076     
   58.3000000000000        354.884737500506       -81.7339395226596     
   58.4000000000000        317.685088967247       -85.1349246168917     
   58.5000000000000        367.225215300787       -76.4021784447458     
   58.6000000000000        349.506860367110       -86.1859043323977     
   58.7000000000000        276.268989473577       -83.6799316467021     
   58.8000000000000        324.373287887239       -88.2218765282849     
   58.9000000000000        317.809156999080       -81.5466151441365     
   59.0000000000000        357.539616224465       -82.8438194198646     
   59.1000000000000        315.508098048812       -84.6749929049715     
   59.2000000000000        310.633099903223       -85.0500496553464     
   59.3000000000000        363.111007289042       -82.3566567564526     
   59.4000000000000        355.113693220852       -87.0466097595102     
   59.5000000000000        343.242237591163       -83.2587545386426     
   59.6000000000000        361.940699137113       -80.8618084552520     
   59.7000000000000        376.877413713397       -84.8540736826759     
   59.8000000000000        361.338158649223       -85.3074715070675     
   59.9000000000000        333.245350975603       -85.9530419704616     
   60.0000000000000        371.259847482894       -87.3305749090277     
   60.1000000000000        315.575738109181       -85.0717799738767     
   60.2000000000000        312.014425644981       -71.6006406253261     
   60.3000000000000        431.631968500003       -77.3799696998561     
   60.4000000000000        343.875272266293       -75.3338734310841     
   60.5000000000000        340.184943340057       -80.6215722354189     
   60.6000000000000        330.998365451798       -76.9046137773662     
   60.7000000000000        330.538992866750       -85.5504569155083     
   60.8000000000000        416.666693351237       -82.5397225923896     
   60.9000000000000        290.537624418948       -75.2604829693196     
   61.0000000000000        389.828638396935       -78.8748261057249     
   61.1000000000000        338.285809540329       -67.9861138522315     
   61.2000000000000        348.618124481246       -76.9258094856984     
   61.3000000000000        347.257852800413       -83.0245330675367     
   61.4000000000000        354.746981161146       -87.5365368933796     
   61.5000000000000        356.436196220542       -86.5248854532912     
   61.6000000000000        392.916306289712       -78.4364016549312     
   61.7000000000000        353.779261029837       -81.6271130391866     
   61.8000000000000        354.555164544064       -74.3818002396902     
   61.9000000000000        299.827911573499       -81.9644028976556     
   62.0000000000000        373.048549143318       -78.3102858852634     
   62.1000000000000        343.602076464054       -68.7162017012328     
   62.2000000000000        352.716531202361       -75.8880927160763     
   62.3000000000000        329.261574977302       -76.0867972770274     
   62.4000000000000        353.678700725864       -74.4177222001148     
   62.5000000000000        322.603101079623       -79.0554944177539     
   62.6000000000000        341.871985851419       -85.2130136653454     
   62.7000000000000        370.882591962656       -83.7943283117541     
   62.8000000000000        372.927311189756       -78.1253822334214     
   62.9000000000000        351.561475611865       -84.6722671378741     
   63.0000000000000        347.366691366295       -88.5414564583868     
   63.1000000000000        339.036285856997       -87.2455903388149     
   63.2000000000000        363.154397803244       -90.6185079527441     
   63.3000000000000        384.845777433627       -88.3388205189102     
   63.4000000000000        325.282378311393       -78.9845207497120     
   63.5000000000000        350.284800382586       -88.1443759043636     
   63.6000000000000        347.857998129763       -74.2430320371179     
   63.7000000000000        357.606479036934       -78.4035698302124     
   63.8000000000000        307.733576747717       -86.5773258347569     
   63.9000000000000        288.050038503015       -83.1816032458236     
   64.0000000000000        309.157876691457       -82.4724562581034     
   64.1000000000000        340.792063615396       -79.5118906680565     
   64.2000000000000        344.150987378581       -76.9401293282833     
   64.3000000000000        326.838148162255       -77.1910959952523     
   64.4000000000000        359.744067585916       -74.4368514558814     
   64.5000000000000        390.811514713157       -75.7813053984337     
   64.6000000000000        368.592250369508       -80.7413825874418     
   64.7000000000000        313.077226181405       -81.4948813287841     
   64.8000000000000        352.087209978711       -83.0145847999188     
   64.9000000000000        358.548278218777       -84.8557309471244     
   65.0000000000000        333.840222629660       -73.2276559984523     
   65.1000000000000        362.198570176289       -80.9851718558827     
   65.2000000000000        368.527494647400       -83.0417941851973     
   65.3000000000000        374.693573143489       -81.3223100485926     
   65.4000000000000        329.488586863703       -84.5499793536839     
   65.5000000000000        324.740127424077       -82.9270885014756     
   65.6000000000000        334.853572880947       -82.6302238458956     
   65.7000000000000        352.072888692263       -78.7992783098642     
   65.8000000000000        346.590253745472       -72.5804574480748     
   65.9000000000000        315.934632965979       -72.4223443971626     
   66.0000000000000        360.014784802951       -70.1480080393396     
   66.1000000000000        333.455069411947       -81.2034288782608     
   66.2000000000000        369.154024764240       -83.5422542481715     
   66.3000000000000        334.872278171434       -81.0146356377215     
   66.4000000000000        342.091867279641       -76.4177622892970     
   66.5000000000000        337.711924696425       -82.0071418835327     
   66.6000000000000        330.764962724487       -76.6411252000840     
   66.7000000000000        379.564350703773       -83.6785351937839     
   66.8000000000000        324.918576946581       -86.7284872826290     
   66.9000000000000        345.723511876906       -91.1647871085323     
   67.0000000000000        372.951493322709       -86.7501903488211     
   67.1000000000000        310.581549225424       -86.3159246910679     
   67.2000000000000        350.267836019994       -81.0040663764616     
   67.3000000000000        313.598240981095       -86.2116357280714     
   67.4000000000000        333.764426818252       -87.9292653418644     
   67.5000000000000        365.673354751237       -90.6299203432152     
   67.6000000000000        398.882317520783       -92.3714224977921     
   67.7000000000000        310.003742169539       -86.4419662905382     
   67.8000000000000        319.642172358592       -93.4672732235303     
   67.9000000000000        349.478099255381       -92.6145998091880     
   68.0000000000000        313.319818090919       -84.7327903270741     
   68.1000000000000        307.770026757403       -84.8787947872542     
   68.2000000000000        346.082883011623       -92.0244743067459     
   68.3000000000000        330.546313787883       -88.3290438186653     
   68.4000000000000        317.806278312590       -97.1370020463658     
   68.5000000000000        341.336657110209       -89.2979967363465     
   68.6000000000000        379.281688119746       -89.5231138987297     
   68.7000000000000        382.571140639929       -85.6703303395197     
   68.8000000000000        422.722638179321       -90.2735065460940     
   68.9000000000000        368.590298462080       -89.2281661858465     
   69.0000000000000        344.847343948338       -86.2703591797113     
   69.1000000000000        380.572215162613       -87.5821585623185     
   69.2000000000000        378.287077950317       -87.1262253464669     
   69.3000000000000        328.458873072919       -90.1436228202726     
   69.4000000000000        383.351290048372       -82.0506234777379     
   69.5000000000000        337.554188481648       -86.4544299903453     
   69.6000000000000        386.225383463258       -85.8283342757986     
   69.7000000000000        366.690804832116       -89.4965366224937     
   69.8000000000000        329.125727987296       -70.2268418581093     
   69.9000000000000        353.329868908142       -76.7359924911567     
   70.0000000000000        349.520185401499       -77.7483916145187     
   70.1000000000000        318.551247942552       -78.0360432558167     
   70.2000000000000        329.691277488655       -70.8812907797860     
   70.3000000000000        310.502503511860       -81.5137899381741     
   70.4000000000000        364.712947430686       -84.9524116049233     
   70.5000000000000        351.247454342744       -86.0774885414169     
   70.6000000000000        327.368415939785       -92.6884002680405     
   70.7000000000000        331.638471446966       -94.4629461420294     
   70.8000000000000        318.480366124192       -84.9557169940704     
   70.9000000000000        330.971767607394       -88.8096831707910     
   71.0000000000000        330.538901148640       -89.0932409632653     
   71.1000000000000        332.342022830555       -84.7904215257063     
   71.2000000000000        368.993417089634       -87.1685176199997     
   71.3000000000000        297.214961434788       -91.9212774530022     
   71.4000000000000        382.240819292067       -89.7552719110255     
   71.5000000000000        326.799211614977       -87.4804107731211     
   71.6000000000000        318.669225979374       -92.1359588254290     
   71.7000000000000        331.188117861410       -92.4453557720877     
   71.8000000000000        332.282466667281       -91.2903844235515     
   71.9000000000000        387.219857630826       -81.0062757882415     
   72.0000000000000        367.372552076714       -86.8849149992590     
   72.1000000000000        303.196012460357       -83.1409204677790     
   72.2000000000000        351.180706446792       -81.3775767801458     
   72.3000000000000        317.880621055303       -78.4694121374437     
   72.4000000000000        323.090060387064       -87.4205484957668     
   72.5000000000000        287.484661290163       -87.3985390977711     
   72.6000000000000        315.243245325641       -81.9909764456958     
   72.7000000000000        334.641119093564       -73.1409250613279     
   72.8000000000000        364.148056791233       -73.8577623873293     
   72.9000000000000        342.324516248273       -71.7960049399487     
   73.0000000000000        348.363521108615       -85.4619065619975     
   73.1000000000000        331.597444134402       -84.7855794180077     
   73.2000000000000        308.263204857853       -75.3627198430209     
   73.3000000000000        359.756559448979       -79.3781703745233     
   73.4000000000000        347.965979994352       -81.4770244576447     
   73.5000000000000        372.199647274461       -82.2731801946739     
   73.6000000000000        271.213740181762       -77.2056163734490     
   73.7000000000000        356.592671075050       -81.1380971703730     
   73.8000000000000        338.543753489439       -78.8039752811323     
   73.9000000000000        356.576635708524       -85.0071715891251     
   74.0000000000000        339.303178476741       -87.8054715247877     
   74.1000000000000        369.683578089142       -77.5513038609600     
   74.2000000000000        319.294361012419       -85.0049256911707     
   74.3000000000000        382.589211856177       -89.9939891966855     
   74.4000000000000        348.426273697959       -90.0197154229943     
   74.5000000000000        357.001881645254       -84.9681230453559     
   74.6000000000000        398.283293878356       -77.4945710372805     
   74.7000000000000        347.331222369139       -83.6617585604012     
   74.8000000000000        339.623454156958       -79.9536383232607     
   74.9000000000000        352.444949832114       -83.4739426144635     
   75.0000000000000        314.526579739341       -73.2895497931139     
   75.1000000000000        346.973177675036       -80.8817803310156     
   75.2000000000000        317.651984185419       -70.1298846834941     
   75.3000000000000        304.797500571003       -83.8161302031512     
   75.4000000000000        345.572155129283       -80.2447821483118     
   75.5000000000000        342.067017489106       -88.1769186599232     
   75.6000000000000        330.099449554593       -80.0953442987742     
   75.7000000000000        376.375024921173       -81.7139085919408     
   75.8000000000000        383.275399051571       -82.5140065030240     
   75.9000000000000        347.092478075812       -83.4792635439948     
   76.0000000000000        363.624423190458       -84.8643473344078     
   76.1000000000000        371.041327864447       -84.7341194152748     
   76.2000000000000        378.440821537531       -86.3638955363958     
   76.3000000000000        347.138326117546       -86.4712121086214     
   76.4000000000000        367.146742396700       -87.4150725871869     
   76.5000000000000        362.994107408269       -93.6160748064705     
   76.6000000000000        353.799406715204       -89.7540312898644     
   76.7000000000000        310.140835898063       -88.4925353200202     
   76.8000000000000        351.210784769559       -84.6816591831524     
   76.9000000000000        350.221943389199       -85.1776176306346     
   77.0000000000000        338.048925376279       -87.8579897289534     
   77.1000000000000        315.424009302729       -90.3822282835244     
   77.2000000000000        333.208307138033       -81.1031165781893     
   77.3000000000000        387.573162225695       -86.5050225988212     
   77.4000000000000        321.225993306706       -87.5782193439798     
   77.5000000000000        358.341750157670       -84.1753407515926     
   77.6000000000000        349.531221947559       -85.2938273822448     
   77.7000000000000        343.137695257180       -84.6540496810182     
   77.8000000000000        363.197506424218       -73.6961683807706     
   77.9000000000000        379.515396838812       -83.2126689365577     
   78.0000000000000        350.970436483928       -83.1821835815585     
   78.1000000000000        356.463533048115       -81.1600665922948     
   78.2000000000000        363.459622489365       -74.8984998618586     
   78.3000000000000        342.051790554184       -75.1747466463444     
   78.4000000000000        372.293748367251       -80.3557710281645     
   78.5000000000000        297.439627820733       -76.4248407418749     
   78.6000000000000        339.305255971280       -84.4489698909530     
   78.7000000000000        317.328339320306       -82.2604395370651     
   78.8000000000000        330.174514097694       -79.2371488700569     
   78.9000000000000        375.173635883433       -83.6245383741706     
   79.0000000000000        351.459836874662       -77.5526446470028     
   79.1000000000000        330.435650426399       -73.4795967009787     
   79.2000000000000        364.296001824582       -83.0236552153921     
   79.3000000000000        393.451541150456       -75.8941946912667     
   79.4000000000000        407.285025775547       -75.1507984135258     
   79.5000000000000        299.267798579070       -72.7979567041180     
   79.6000000000000        369.552980167467       -77.1349804386236     
   79.7000000000000        378.091021469719       -78.2342970989308     
   79.8000000000000        320.783975263966       -77.8966833938890     
   79.9000000000000        334.112705623688       -77.2948322777931     
   80.0000000000000        328.945181260293       -83.5179563821776     
   80.1000000000000        364.311363128989       -74.8770787823001     
   80.2000000000000        379.983398037020       -76.6058455561860     
   80.3000000000000        317.037347350062       -81.9257810870770     
   80.4000000000000        341.013242994597       -73.1330483641644     
   80.5000000000000        349.612423042812       -74.5954384729932     
   80.6000000000000        341.350440436925       -78.3068875829340     
   80.7000000000000        309.945637856493       -80.0309495926466     
   80.8000000000000        309.904690985960       -76.5093821643059     
   80.9000000000000        323.809061239757       -77.6906241725849     
   81.0000000000000        333.715876813639       -83.8590287286973     
   81.1000000000000        346.663174578311       -76.3822479847523     
   81.2000000000000        373.023436809113       -77.6827522378560     
   81.3000000000000        327.219199016374       -82.1515648794693     
   81.4000000000000        365.361798691598       -77.9466078377864     
   81.5000000000000        350.164811713351       -66.5052887773952     
   81.6000000000000        386.054572368956       -80.2442225345220     
   81.7000000000000        355.581984879431       -77.9294152613514     
   81.8000000000000        329.175642242196       -77.8116937784426     
   81.9000000000000        358.214990890110       -82.7822072912691     
   82.0000000000000        355.485148923760       -79.2843006433828     
   82.1000000000000        358.550778899039       -84.7834199292336     
   82.2000000000000        353.685804437573       -85.1192826929891     
   82.3000000000000        327.706660523329       -78.6367829278702     
   82.4000000000000        290.367462365216       -82.1921551251874     
   82.5000000000000        337.098632177485       -84.7597720963947     
   82.6000000000000        352.125077665934       -83.5425738749628     
   82.7000000000000        354.748349479701       -78.7296623927262     
   82.8000000000000        320.261864334452       -78.1554035325977     
   82.9000000000000        327.147792934144       -80.9507350637885     
   83.0000000000000        387.541638026217       -76.8287707184544     
   83.1000000000000        306.896310468560       -73.6986495567900     
   83.2000000000000        339.425140663897       -79.0004304801043     
   83.3000000000000        388.001040090231       -80.3776851263355     
   83.4000000000000        339.684964096615       -79.7943121037299     
   83.5000000000000        370.854121246657       -77.3546112021376     
   83.6000000000000        351.155380673345       -79.2301731315830     
   83.7000000000000        311.290621560769       -74.2104646921716     
   83.8000000000000        349.611369047521       -76.1096513921461     
   83.9000000000000        375.135895843846       -74.3939924996370     
   84.0000000000000        309.664533820583       -69.7720232889907     
   84.1000000000000        334.213218728096       -78.1736480017752     
   84.2000000000000        315.285123265526       -78.1011721643538     
   84.3000000000000        379.323330603402       -84.8722315602980     
   84.4000000000000        370.652370070246       -75.3236757047984     
   84.5000000000000        361.055827170834       -86.4751560482510     
   84.6000000000000        326.854406898109       -83.4595379485546     
   84.7000000000000        331.656432981592       -80.5802785370805     
   84.8000000000000        345.454939045833       -80.6451063401697     
   84.9000000000000        352.852668944401       -80.9568098315288     
   85.0000000000000        350.001241513724       -73.1107700196833     
   85.1000000000000        328.276578221503       -68.0136131363002     
   85.2000000000000        349.148223004623       -81.2445492125610     
   85.3000000000000        395.024178049945       -77.7931933934866     
   85.4000000000000        373.247155640365       -73.9957586896115     
   85.5000000000000        383.502640116090       -84.0224602595095     
   85.6000000000000        356.926640511048       -82.0786509763641     
   85.7000000000000        339.353562164264       -75.4634302404482     
   85.8000000000000        360.967260063872       -77.9143823499898     
   85.9000000000000        358.930226847893       -80.2798440290981     
   86.0000000000000        339.429029668153       -76.1138320633722     
   86.1000000000000        351.358569097819       -77.7216876575114     
   86.2000000000000        354.992864025739       -74.3464376040136     
   86.3000000000000        356.381496722561       -78.1086839957914     
   86.4000000000000        346.324064224160       -76.6601332549924     
   86.5000000000000        325.251512316053       -76.1946724168202     
   86.6000000000000        326.321500788122       -71.9329597350147     
   86.7000000000000        346.598437438626       -82.1770623584971     
   86.8000000000000        279.286635207340       -79.8743559099736     
   86.9000000000000        321.542994358072       -84.5583437798331     
   87.0000000000000        338.215434128221       -79.7628596543701     
   87.1000000000000        371.307391721487       -83.5470966673155     
   87.2000000000000        345.425342717144       -84.5568677484725     
   87.3000000000000        339.454098495778       -76.6581316655735     
   87.4000000000000        330.741917599272       -83.5157087241778     
   87.5000000000000        331.904358934237       -79.7872020230034     
   87.6000000000000        324.293448546593       -84.5992101506942     
   87.7000000000000        314.879203965211       -80.2440303644256     
   87.8000000000000        308.709577345554       -78.3746761030203     
   87.9000000000000        355.625426220098       -79.3574993214000     
   88.0000000000000        320.416628132678       -73.6299169568968     
   88.1000000000000        390.943935785074       -83.7451132896834     
   88.2000000000000        359.345226895248       -84.6905133447638     
   88.3000000000000        338.416261568500       -85.4335852845597     
   88.4000000000000        367.963251514859       -82.3713156325255     
   88.5000000000000        367.081968534479       -79.4458193979905     
   88.6000000000000        367.384428488000       -84.2375123850495     
   88.7000000000000        367.232296061201       -84.8320892718140     
   88.8000000000000        337.633817477434       -86.4158909745096     
   88.9000000000000        330.846614739994       -85.6702228160649     
   89.0000000000000        330.587198899350       -81.5654809803231     
   89.1000000000000        317.533146332576       -84.1539011586024     
   89.2000000000000        359.329772741985       -82.0097290371462     
   89.3000000000000        364.894446721081       -85.3686335698808     
   89.4000000000000        350.927175283629       -75.4821415474057     
   89.5000000000000        297.997921089853       -88.5952784978595     
   89.6000000000000        347.023121405449       -83.0743662347996     
   89.7000000000000        308.187971383814       -82.0651938199025     
   89.8000000000000        340.856121000792       -74.8029099147785     
   89.9000000000000        328.498111883149       -80.8743742699185     
   90.0000000000000        370.900740302872       -81.2225735613513     
   90.1000000000000        320.218592767797       -85.8006936605014     
   90.2000000000000        307.880534664368       -85.2068353857727     
   90.3000000000000        329.964142612954       -87.5992380222170     
   90.4000000000000        341.797979189233       -86.4775203376827     
   90.5000000000000        371.094929991255       -83.3257560836370     
   90.6000000000000        366.545309190403       -83.3874523048522     
   90.7000000000000        379.601354955167       -82.1288771378147     
   90.8000000000000        343.913750700772       -78.3737359109732     
   90.9000000000000        310.938508798689       -86.0599224703522     
   91.0000000000000        327.291868249019       -91.2046578894163     
   91.1000000000000        393.136553336010       -86.6630165211019     
   91.2000000000000        289.439700760831       -91.3303524240665     
   91.3000000000000        313.187326976161       -83.8476709327110     
   91.4000000000000        296.017523253076       -88.5187641546742     
   91.5000000000000        358.810342642627       -83.5561858173147     
   91.6000000000000        379.662923451377       -88.1062653279988     
   91.7000000000000        374.140084458204       -79.5290573885578     
   91.8000000000000        323.880799784860       -71.6594196217453     
   91.9000000000000        355.611721792559       -75.1221753455490     
   92.0000000000000        333.689534904790       -78.7841532510326     
   92.1000000000000        319.923967587047       -85.9261239051889     
   92.2000000000000        330.817950369217       -80.0755103764374     
   92.3000000000000        383.430620944844       -82.6505522870632     
   92.4000000000000        364.132009061291       -90.1748955484112     
   92.5000000000000        275.663771801854       -81.1424557509614     
   92.6000000000000        371.909422621301       -78.1480095962676     
   92.7000000000000        332.315019238423       -82.8765955070875     
   92.8000000000000        349.222209318045       -84.4799317097910     
   92.9000000000000        321.642565366947       -87.4148289459533     
   93.0000000000000        314.521390209720       -89.6142421779141     
   93.1000000000000        327.959054830673       -84.1345694782092     
   93.2000000000000        323.228389217553       -81.7415935751563     
   93.3000000000000        331.368868577219       -82.2704415037473     
   93.4000000000000        350.435683802922       -85.0742899978293     
   93.5000000000000        348.693513713489       -76.2822217012838     
   93.6000000000000        321.541698588601       -82.5968493571291     
   93.7000000000000        340.611904424431       -82.5195129047321     
   93.8000000000000        338.610183600339       -86.5446128078440     
   93.9000000000000        319.950744547507       -83.5248901506954     
   94.0000000000000        364.432780925985       -83.5146353444371     
   94.1000000000000        410.999061758846       -83.5035315480036     
   94.2000000000000        340.506398839965       -83.3148949721128     
   94.3000000000000        317.211617767997       -79.9017016274821     
   94.4000000000000        320.735274463322       -82.0185842323210     
   94.5000000000000        352.324563009018       -84.3281071925337     
   94.6000000000000        340.806594448557       -77.4868404888882     
   94.7000000000000        279.365466189999       -85.0520822233638     
   94.8000000000000        319.479333157838       -88.2518575283604     
   94.9000000000000        360.774397838460       -77.4481385321069     
   95.0000000000000        355.172565840132       -77.9199690548782     
   95.1000000000000        284.679403431864       -84.1565808146203     
   95.2000000000000        341.287575623609       -79.1136010447281     
   95.3000000000000        387.614756073156       -85.9269450558850     
   95.4000000000000        348.363257884448       -88.4614196461501     
   95.5000000000000        379.044741996397       -72.8681573704040     
   95.6000000000000        326.445859860944       -73.2152996155803     
   95.7000000000000        381.193574190105       -76.7658913150053     
   95.8000000000000        339.132355270109       -85.5164503919689     
   95.9000000000000        306.025543275146       -85.4435215968527     
   96.0000000000000        352.404262433050       -88.4524469090449     
   96.1000000000000        340.380824431093       -91.9585162695855     
   96.2000000000000        327.222495552448       -85.0920519717392     
   96.3000000000000        320.107233840743       -90.4698194932620     
   96.4000000000000        337.673954233446       -83.1745250686009     
   96.5000000000000        312.406588793027       -86.7532684226809     
   96.6000000000000        329.429690972299       -89.0915673721533     
   96.7000000000000        354.888566100222       -92.0731174253357     
   96.8000000000000        339.965853291742       -92.9555538993891     
   96.9000000000000        374.626841805997       -97.2798187709655     
   97.0000000000000        347.668701042978       -94.3755324563323     
   97.1000000000000        332.754695713101       -90.6650729931543     
   97.2000000000000        342.351349871718       -94.9702671168472     
   97.3000000000000        355.473323853836       -89.4151747098954     
   97.4000000000000        316.535307382049       -92.9538550859401     
   97.5000000000000        368.437969005292       -91.9954165201221     
   97.6000000000000        378.252973749474       -85.3984454886810     
   97.7000000000000        311.184238171215       -92.9100436240849     
   97.8000000000000        345.974671364873       -83.5454974230691     
   97.9000000000000        335.247527392940       -85.7362964794779     
   98.0000000000000        334.642786991313       -90.6745909530368     
   98.1000000000000        329.531736877075       -81.0479874987380     
   98.2000000000000        314.800376609985       -91.7894120631710     
   98.3000000000000        371.217781377667       -80.7966663246742     
   98.4000000000000        367.861499100388       -78.0744869535271     
   98.5000000000000        359.531666388394       -79.1795678336589     
   98.6000000000000        347.077461898852       -88.8143561291059     
   98.7000000000000        348.694163091102       -80.2691089458490     
   98.8000000000000        298.034444457959       -87.6537046399880     
   98.9000000000000        348.978617978710       -87.9041896017027     
   99.0000000000000        354.465116465423       -90.2088901451251     
   99.1000000000000        378.672397555734       -92.2299954609563     
   99.2000000000000        344.933731366895       -92.8130128140486     
   99.3000000000000        340.789739125869       -92.4490286530830     
   99.4000000000000        296.744861062615       -98.0240603906848     
   99.5000000000000        358.104362227243       -97.7301795799146     
   99.6000000000000        361.121503676679       -90.0167338675158     
   99.7000000000000        362.875000417144       -90.0297557097778     
   99.8000000000000        342.138114313844       -91.0008304500887     
   99.9000000000000        368.810664606144       -90.0778126657598     
   100.000000000000        303.443319193746       -86.5717078669684     
